20
6 7 2
1111111
1122271
1211521
1329131
1242121
1122211
3 3 7
123
234
345
10 10 24
5641208397
9482130426
7674372009
4570992743
6374719952
7405832235
1920230416
8907698593
9699172698
3297311584
10 10 15
4122821032
9759473802
5261369585
6928968916
6928445907
7095448296
6198698296
5859631625
2083749579
2301282214
3 3 43
852
995
961
10 10 77
8457617563
1095568081
5288235223
1962893246
4550726455
5546270554
6423982691
3225328825
1808655901
3657167548
10 10 49
5497743422
6205916195
8068172799
0555420160
1117760018
8100677111
0610245550
9972718608
5916195026
2243477945
10 10 88
3122037919
5925979174
7564168272
6017399822
7983489540
0459843897
2289937106
2728614657
4719795295
9197302213
10 10 83
5236331492
0624134779
2945423345
1970383741
9427944526
6254497249
1473830791
5433245492
9774314260
2941336325
10 10 61
3625652050
5586634509
8185678516
9733639414
5749198988
9891947548
4936337951
5876581832
5436685597
7422382369
10 10 7
0341151251
3363363373
4695684684
1240250240
3453352463
5694585685
1240240340
2472463452
4585694595
0250340130
10 10 97
8353534465
5964735374
8814746564
3305353355
9184762764
7615455545
5086472631
7525377105
3924284191
6445255930
10 10 95
0517980071
5932061913
2355325683
2885795793
1544750142
4671314892
4332804303
8383780996
3551784393
7360763395
10 10 100
9999999999
9999999999
9999999999
9999999999
9999999999
9999999999
9999999999
9999999999
9999999999
9999999999
3 3 6
000
000
000
10 10 24
0276535568
5452364159
5644848439
2149321947
5845466551
7035423630
4815535643
0234991077
3473119455
4135964111
10 10 34
3650031828
3186663392
2462165211
5791796878
6316174723
9487916447
5944246125
9181920413
9279961505
5761495000
10 10 89
4807961746
8496173145
7416554821
8819507904
5804613240
7141716410
5997069051
4026789003
0056147780
9608527422
10 10 64
6829825915
5851054870
4968656377
0700478743
0467618426
6248167640
3478740070
7736568694
0784501585
5195289286
10 10 100
4637538544
4434211974
8938220003
4999443219
6541282379
7712654667
1231197619
6062380639
7270556134
0486795569
