5 2
0 0
8 0
12 4
8 8
0 8
3 2
-1 -1
3 1
5 -1
9 1000000
0 1
1 3
2 6
3 3
5 5
5 0
6 -2
4 -3
1 -2
15 1000000
0 0
2 3
4 6
9 -2
5 -7
2 -2
4 1
5 -2
4 -2
4 -1
3 -2
5 -4
6 0
4 3
2 1
6 1000000
12 9
15 13
16 9
17 10
19 10
15 7
3 1000000
0 0
3 0
3 3
4 1000000
-1000000 -1000000
-1000000 1000000
1000000 1000000
1000000 -1000000
4 1000000
0 -3
3 0
0 3
-3 0
3 1
0 1
0 0
1 0
6 999999
0 0
2 4
2 2
3 4
4 0
2 0
5 2
0 0
8 0
12 4
8 8
0 8
3 2
-1 -1
3 1
5 -1
6 2
0 0
1 2
0 3
1 4
1 3
2 2
12 2
0 0
0 2
1 2
1 3
2 3
2 2
3 2
3 0
2 0
2 1
1 1
1 0
8 1000000
0 0
0 1
1 2
2 2
3 1
3 0
2 -1
1 -1
3 2
-1 0
0 1
1 0
8 1
-1000000 -1000000
-999998 -1000000
-999997 -999999
-999997 -999997
-999998 -999997
-999998 -999998
-999999 -999998
-999999 -999999
7 2
0 0
1 0
2 0
3 0
4 0
5 0
3 1
7 2
0 0
8 0
12 4
8 8
8 8
0 8
0 0
5 1
0 0
2 -2
3 0
1 3
-2 2
7 1
0 0
1 -1
2 -2
3 0
1 3
-2 2
-1 1
7 1
0 0
-1 1
-2 2
1 3
3 0
2 -2
1 -1
48 1000000
-6 -3
-6 -2
-6 -1
-6 0
-6 1
-6 2
-6 3
-6 4
-6 5
-6 6
-5 6
-4 6
-3 6
-2 6
-1 6
0 6
1 6
2 6
3 6
4 6
5 6
6 6
6 5
6 4
6 3
6 2
6 1
6 0
6 -1
6 -2
6 -3
6 -4
6 -5
6 -6
5 -6
4 -6
3 -6
2 -6
1 -6
0 -6
-1 -6
-2 -6
-3 -6
-4 -6
-5 -6
-6 -6
-6 -5
-6 -4
12 2
-1 -1
1 -1
1 1
3 1
3 3
1 3
1 5
-1 5
-1 3
-3 3
-3 1
-1 1
7 1
-1000000 0
2 1000000
1000000 0
500000 0
3 -1000000
1 -1000000
-499999 0
0 0
