Case #1:
0.5000000000
0.5000000000
0.5000000000
Case #2:
0.6458333333
0.3680555556
0.6041666667
0.3958333333
Case #3:
0.5335666427
0.5366114157
0.4089579136
0.5200014802
0.5591009416
0.5207264296
0.5327934169
0.5478918087
0.5111398149
0.4310940716
0.4767763656
0.4512593501
0.4960491181
0.5131633543
0.5441092066
0.5486982053
0.5249705568
0.5128564388
0.5457119693
0.5397837158
0.4255093593
0.4820349132
0.5554639911
0.4876538466
0.5192568028
0.5611340937
0.5130017505
0.4020558716
0.4808745503
0.4882997091
0.5416881923
0.5067248283
0.5237835432
0.4911721722
0.5400966082
0.4645843616
0.5296102453
0.5189250716
0.5261708076
0.4594167791
0.5538861359
0.4230954729
0.5632072617
0.4871499218
0.4731436995
0.4424155418
0.5249244299
0.5219437410
0.4580996893
0.4753352352
0.5331071134
0.5443253494
0.5305650878
0.5237914423
0.3988567902
0.4291912315
0.4721229878
0.4160211125
0.4989258640
0.5072175298
0.5193014370
0.5352874755
0.4598619242
0.5292994929
0.5217469714
0.5355457295
0.5424292457
0.4914045181
0.5304460869
0.5390183427
0.4883465878
0.4808856296
0.5436342182
0.4985439305
0.4686053887
0.4341063444
0.4854835977
0.5439835493
0.4346512452
0.3822694846
0.5015417218
0.4687439992
0.5059740614
0.4954335085
0.4838597737
0.4992386443
0.4493306298
0.4607170499
0.5699041409
0.5384332562
0.5166035707
Case #4:
0.5273827481
0.5469711163
0.3776941098
0.5301103918
0.4801724253
0.5580665826
0.5067980469
0.3717477880
0.5190363005
0.5306724108
0.4705984555
0.5227199442
0.4181879760
0.5403757804
0.4391181825
0.5458053812
0.4330327905
0.4676420236
0.5368060100
0.5089911923
0.4720280222
0.5382025554
0.4643105041
0.5498228884
0.4612761776
0.5040856179
0.5084928885
0.5317627495
0.5074234474
0.5567628407
0.5575053721
0.5632360821
0.5358713817
0.4516246597
0.5154457345
0.4473175619
0.5206505328
0.5047112452
0.5380571226
0.5261242092
0.4909553347
0.4769952150
0.5214533556
0.5204568084
0.4971907902
0.4391733880
0.5394156897
0.5359607306
0.5359198299
0.5041166952
0.5441612143
0.4853965567
0.5130313538
0.5338329610
0.3896506090
0.5339057295
0.5341777498
0.4429702502
0.5470647626
0.4976471282
0.5049995448
0.5589450768
0.4505271634
0.3829476967
0.4819324057
0.4994628323
0.4858199794
0.5065620463
0.5437494732
0.4952036716
0.4516312580
0.4955838583
0.5354302193
0.5328284939
0.4546663093
0.5172221164
0.5544002007
0.5456508030
0.3641186889
0.4664779661
0.5018362684
0.4467360238
0.5069300468
0.4607252061
0.4333385435
0.4395441344
0.5184037783
0.4667684415
0.5182452483
0.5087522126
0.5088002842
0.5131185652
0.5147652377
0.5264450719
0.5197539839
0.5060939174
0.5168470652
0.4858642659
0.5182516281
0.4985402045
Case #5:
0.5099501841
0.4551012063
0.5539675073
0.5585757216
0.4913395176
0.5005893600
0.5132943484
0.5138458585
0.4187628802
0.4530037171
0.5350665259
0.4209028176
0.5285340376
0.3958252351
0.5329004982
0.4818256666
0.5516524542
0.4663122201
0.5396493197
0.5153710274
0.4025980293
0.4954885559
0.5214622688
0.5020032491
0.5351864175
0.4064565015
0.5221764878
0.5238458107
0.4358145458
0.5149369539
0.5392694454
0.5216928595
0.5214432596
0.4489271741
0.5189557305
0.5175540184
0.5385179986
0.5589072985
0.5696249019
0.5286778717
0.5361587742
0.5655277094
0.4413209009
0.5583389173
0.5663444764
0.5263478067
0.5353910761
0.4819962076
0.5311689022
0.5016442149
0.5436147425
0.4558993811
0.4953376473
0.4358516017
0.4927887924
0.5477795311
0.4814090423
0.4459590072
0.4120385659
0.4265926339
0.5234769884
0.5228815623
0.5642452866
0.4892678263
0.4269386001
0.3931900005
0.5515923787
0.4674485397
0.5236434442
0.5435215582
0.4766645929
0.4137087067
0.5043704330
0.4143000011
0.5699131309
0.5381857568
0.4807076630
0.4830747609
0.5743826263
0.5422539884
0.4740970843
0.5199272185
0.4595099350
0.5070313090
0.5094272675
0.5436345900
0.5006671098
0.5265894579
0.4649702920
0.5159361577
0.5448308433
0.4113879785
0.4422831601
0.5568844996
0.4827354231
0.4832359029
Case #6:
0.4976879954
0.4993236892
0.5271788613
0.4261617598
0.4980582759
0.4327832547
0.5037845902
0.5421382999
0.5121382989
0.4962147312
0.5215430753
0.5181748971
0.5367485099
0.4681824662
0.4964386711
0.5333834994
0.5289627438
0.5034556555
0.5281215846
0.5184283444
0.5141737757
0.5285200809
0.4211598632
0.5198472674
0.4514866527
0.5624268458
0.5601362421
0.4862945914
0.4978122530
0.4468365655
0.4386684927
0.5340196051
0.5455372936
0.5158530963
0.5277562419
0.4948381742
0.5259360447
0.5634655163
0.5343971232
0.5364548018
0.3869975459
0.4601456359
0.5348256459
0.4549391685
0.5330333231
0.5137235717
0.5216830927
0.5226636750
0.4983922963
0.5294832791
0.5435700456
0.5009339566
0.5528436330
0.4431284900
0.4174338067
0.4543501448
0.5427910042
0.4926958924
0.4355199402
0.4421086414
0.4438724954
0.5284237956
0.5203304676
0.4819648978
0.3901975449
0.5215361149
0.4013482671
0.5425834279
0.5252432882
0.5693142197
0.5368440034
0.4614653295
0.4842865048
0.5220840028
0.4912044715
0.4657698870
Case #7:
0.5436116332
0.4606904813
0.5202920842
0.4063631888
0.5216265749
0.5221635815
0.4818417582
0.5601197938
0.4596036222
0.4976432358
0.5047105414
0.5314717980
0.5208780118
0.5304723822
0.5389483941
0.4080025845
0.5284767198
0.4972138435
0.4778591734
0.5026820056
0.4038939217
0.5078212597
0.4608719922
0.4541795738
0.4934953647
0.4308969004
0.3813706071
0.4415932104
0.5042177340
0.5021614354
0.4680382316
0.4831825037
0.5233941337
0.4866081377
0.4776553380
0.5047536448
0.4785922223
0.5127137466
0.5279046506
0.5178303774
0.5150164458
0.4671609788
0.5198292059
0.5518337147
0.5048167439
0.5445047765
0.5484186712
0.5199400901
0.5146864689
0.4833075605
0.5457275256
0.4868353322
0.5203297983
0.5044283733
0.5626431778
0.4923419422
0.5478215726
0.5711897510
0.4643648712
0.5441055587
0.5183302581
Case #8:
0.5377669730
0.5112711783
0.4554193787
0.4108799932
0.5542696317
0.5436391280
0.5572028943
0.5143408200
0.4832286370
0.4766312931
0.4789353862
0.5551501793
0.4524545862
0.3811423533
0.5353630584
0.5312922088
0.4795550460
0.4994789862
0.4963378973
0.4380101769
0.4834250511
0.5594440328
0.5861061035
0.3472102151
0.5098351322
0.5332300906
0.5325691190
0.3916940048
0.5545391316
0.5467475328
0.4666542799
0.4947087362
0.5253542963
0.4518572195
0.5307832867
0.4534185773
0.5395693229
0.5127742364
0.5246344497
0.5552937295
0.5513852038
0.5106347295
Case #9:
0.5164141414
0.4078282828
0.5113636364
0.5694444444
0.5366161616
0.4128787879
0.4179292929
0.4810606061
0.4608585859
0.4053030303
0.4356060606
0.3977272727
0.3876262626
0.6022727273
0.5265151515
0.4103535354
0.5896464646
0.4558080808
0.6098484848
0.4936868687
0.5770202020
0.5820707071
0.5643939394
0.5593434343
0.4204545455
0.5517676768
0.5542929293
0.4330808081
0.4709595960
0.5088383838
0.4659090909
0.6073232323
0.4406565657
0.4962121212
0.5441919192
0.3750000000
0.4482323232
0.5946969697
0.6174242424
0.5492424242
0.4381313131
0.5189393939
0.4002525253
0.4229797980
0.5972222222
0.4431818182
0.5997474747
0.6123737374
0.4987373737
0.5744949495
0.3825757576
0.6250000000
0.3775252525
0.5795454545
0.4583333333
0.5391414141
0.5037878788
0.5669191919
0.5921717172
0.4684343434
0.4633838384
0.4835858586
0.5138888889
0.5845959596
0.5340909091
0.5012626263
0.4785353535
0.3952020202
0.4027777778
0.5416666667
0.5239898990
0.4532828283
0.5063131313
0.4280303030
0.4507575758
0.4911616162
0.5568181818
0.4734848485
0.3926767677
0.3901515152
0.6199494949
0.5214646465
0.5290404040
0.3851010101
0.6224747475
0.5467171717
0.4760101010
0.5719696970
0.4255050505
0.3800505051
0.4886363636
0.4861111111
0.5618686869
0.4305555556
0.4457070707
0.6047979798
0.5871212121
0.5315656566
0.4154040404
0.6148989899
Case #10:
0.5593304649
0.5378104423
0.5025083196
0.4657754317
0.5006112880
0.4610323376
0.4537688338
0.5139675978
0.4938775332
0.5312064740
0.5050272424
0.4735964932
0.5173950667
0.5567720820
0.5169569773
0.4668461833
0.5049698675
0.4339097045
0.4963749589
0.5288766666
0.4901667105
0.5128711379
0.5397075507
0.5309960435
0.4291570250
0.4103692289
0.5400082328
0.5011119548
0.4450371081
0.5511066411
0.5179773507
0.5367298546
0.5328710534
0.5234888217
0.5172603252
0.5316068019
0.5229755008
0.4873919877
0.4008239059
0.5187410173
0.4994686244
0.4418329387
0.4140106612
0.5730121633
0.4994904355
0.5116090054
0.5247543726
0.4839525878
0.5083358457
0.5459878195
0.4944122486
0.5275794769
0.5573590559
0.4885728672
0.5171068820
0.5362601818
0.4877670954
0.4679190491
0.5273844343
0.5169631334
0.5260215905
0.4592998120
0.4976519666
0.4848653124
0.4569653276
0.4791259349
0.4530507776
0.4492002717
0.4077615976
0.5287306033
0.5458929659
0.5441305275
0.4184516897
0.5346460809
0.5550458455
0.4965900513
0.5130441047
0.4305820728
0.5399480602
0.5355025638
0.4140287206
0.4931289946
0.4293928610
0.5221128950
0.4975196879
0.5253296935
0.5229918144
0.5486570973
0.5188549068
Case #11:
0.5548982760
0.4466253443
0.5330627776
0.5577019852
0.4301877714
0.4621715839
0.5072350116
0.5264224668
0.5644839477
0.5203276771
0.5358505300
0.5276721269
0.4545891388
0.4547844319
0.4269268563
0.4840920455
0.5481868352
0.4746160113
0.5267482157
0.5155127677
0.5570808447
0.5016734571
0.4293561976
0.5334730465
0.5214914129
0.5017779981
0.4319099260
0.4629682592
0.4774477498
0.5330012668
0.4750910289
0.5134950309
0.4838113769
0.3839495032
0.4861365953
0.4790158569
0.5628170267
0.3999158358
0.5444287534
0.5574540532
0.5264314059
0.5253771427
0.5076261841
0.5124401506
0.5077887150
0.5294491490
0.4818599006
0.5444445337
0.5177705643
0.3968288000
0.4551305455
0.5114867800
0.5495482350
0.5535924670
Case #12:
0.5000000000
0.5000000000
0.5000000000
0.5000000000
0.5000000000
0.5000000000
0.5000000000
0.5000000000
0.5000000000
0.5000000000
0.5000000000
0.5000000000
0.5000000000
0.5000000000
0.5000000000
0.5000000000
0.5000000000
0.5000000000
0.5000000000
0.5000000000
0.5000000000
0.5000000000
0.5000000000
0.5000000000
0.5000000000
0.5000000000
0.5000000000
0.5000000000
0.5000000000
0.5000000000
0.5000000000
0.5000000000
0.5000000000
0.5000000000
0.5000000000
0.5000000000
0.5000000000
0.5000000000
0.5000000000
0.5000000000
0.5000000000
0.5000000000
0.5000000000
0.5000000000
0.5000000000
0.5000000000
0.5000000000
0.5000000000
0.5000000000
0.5000000000
0.5000000000
0.5000000000
0.5000000000
0.5000000000
0.5000000000
0.5000000000
0.5000000000
0.5000000000
0.5000000000
0.5000000000
0.5000000000
0.5000000000
0.5000000000
0.5000000000
0.5000000000
0.5000000000
0.5000000000
0.5000000000
0.5000000000
0.5000000000
0.5000000000
0.5000000000
0.5000000000
0.5000000000
0.5000000000
0.5000000000
0.5000000000
0.5000000000
0.5000000000
0.5000000000
0.5000000000
0.5000000000
0.5000000000
0.5000000000
0.5000000000
0.5000000000
0.5000000000
0.5000000000
0.5000000000
0.5000000000
0.5000000000
0.5000000000
0.5000000000
0.5000000000
0.5000000000
0.5000000000
0.5000000000
0.5000000000
0.5000000000
Case #13:
0.5241265175
0.4893427733
0.4766593895
0.4462938871
0.5125002674
0.4972471617
0.5325535474
0.4205092132
0.6280009507
0.5743666836
0.5305099600
0.5278774097
0.5244824376
0.4531980831
0.5748511048
0.5093172139
0.4281746157
0.5479482757
0.5223232539
0.4170860363
0.4947652324
0.5552959648
0.5411491798
0.4338889522
0.4888227609
0.5631804526
0.5310768686
0.5010061208
0.4956111177
0.5217060609
0.4952141365
0.5111563891
0.4236082100
0.4891000493
0.5610196309
0.4122485772
0.3744429959
0.5208093618
0.5438865736
0.3982920530
0.4849310851
0.5080341074
0.5773466432
0.5020437154
0.5491612447
0.5533037432
0.5144423348
0.5645139775
0.4139941450
0.4738953757
0.5574422615
0.5166316758
0.5534694845
0.5686977053
0.4787354507
0.4921775500
0.4266036719
0.4902746364
0.4961765378
0.5286599593
0.3809377669
0.4349622750
0.4362547298
0.5475277722
0.5329590607
0.5687103074
0.5679930819
0.5119966671
0.5021888803
0.5881358694
0.5593681593
0.4678413635
0.4939692008
0.4063021721
0.5218884439
0.5288394271
0.4586162652
0.4955362875
0.4993021060
0.3953947119
0.4073021993
0.4539044287
0.5187020578
0.5388760906
0.4324604277
0.5063569965
0.5114537960
0.4597980105
Case #14:
0.5324111941
0.4361953048
0.5202008657
0.5391260376
0.5366781930
0.5159397263
0.4754279293
0.4927105616
0.4913987987
0.5411378896
0.5396675035
0.5262049488
0.4160436300
0.4180362863
0.5573985083
0.5548502873
0.5279458698
0.5350953360
0.4504858279
0.5142331767
0.4746631852
0.4627758592
0.4766659561
0.5345594635
0.5245840169
0.4835107928
0.4614897078
0.5139162850
0.4988767384
0.4889209328
0.5133627274
0.5128538628
0.4349513602
0.5501431492
0.5142925762
0.5132873148
0.4463813352
0.5282799982
0.5193655010
0.4749200318
0.4133334855
0.4169740477
0.4619000360
0.3974793583
0.4336012488
0.5196735709
0.4555551793
0.4911128953
0.4823779607
0.5001154392
0.5527328828
0.5591823864
0.5110608194
0.5253098973
0.4887828967
0.5243851024
0.5440599808
0.5296339407
0.5117853915
0.4864666683
0.5452065509
0.4720040733
0.5360250477
0.4541568536
0.4876950268
0.4695515571
0.5110483359
0.4872444803
0.4985337738
0.5320705219
0.4879406813
0.4432602279
0.4893519896
0.5396218057
0.5413619023
0.4289015711
0.4903831735
0.5453492838
0.5492406738
0.4967659593
0.5242413063
0.5240977619
0.4960195950
0.4455657212
0.5193543659
0.5006971222
0.5244807843
0.5253766813
0.5561839418
0.4724243942
0.4510440658
0.4666628267
0.5254759136
0.4993792883
0.5212314850
0.4976766334
0.5222219590
0.5306777718
0.5368403969
0.5088162573
Case #15:
0.5469654676
0.5432225863
0.5704738821
0.5148720111
0.5590755252
0.5057712895
0.4569851044
0.5032087456
0.5032634693
0.4736928923
0.4821452261
0.5166501001
0.5394867120
0.4724222941
0.4690588181
0.5543370181
0.5186535908
0.5233328702
0.5177139494
0.5471224974
0.5505411551
0.4236746452
0.5208650305
0.4951127888
0.4707918158
0.5321927827
0.3964781211
0.4133518868
0.5285125905
0.5422214888
0.5572846594
0.4924454382
0.4870273972
0.4892765659
0.4578083738
0.5199375245
0.4798526144
0.5191761304
0.5041897949
0.5366243347
0.4996013135
0.5180196812
0.4987551921
0.4003969081
0.5323866185
0.5746488256
0.5378455878
0.5183121437
0.4032613269
0.5354676884
0.5262625127
0.5255659331
0.5053820555
0.5290815966
0.4781827313
0.5194973547
0.5153037753
0.4224995605
0.3753384193
0.5213861278
0.4799197977
0.4434320230
0.5378526388
0.5437488409
0.4335786525
0.5014454732
0.3737948988
0.4879513432
0.4705448170
0.5502664156
0.5214912437
0.4692355828
0.5461426845
0.5233864686
0.5527971277
0.4784794389
0.4914750892
Case #16:
0.6250000000
0.6224747475
0.6199494949
0.6174242424
0.6148989899
0.6123737374
0.6098484848
0.6073232323
0.6047979798
0.6022727273
0.5997474747
0.5972222222
0.5946969697
0.5921717172
0.5896464646
0.5871212121
0.5845959596
0.5820707071
0.5795454545
0.5770202020
0.5744949495
0.5719696970
0.5694444444
0.5669191919
0.5643939394
0.5618686869
0.5593434343
0.5568181818
0.5542929293
0.5517676768
0.5492424242
0.5467171717
0.5441919192
0.5416666667
0.5391414141
0.5366161616
0.5340909091
0.5315656566
0.5290404040
0.5265151515
0.5239898990
0.5214646465
0.5189393939
0.5164141414
0.5138888889
0.5113636364
0.5088383838
0.5063131313
0.5037878788
0.5012626263
0.4987373737
0.4962121212
0.4936868687
0.4911616162
0.4886363636
0.4861111111
0.4835858586
0.4810606061
0.4785353535
0.4760101010
0.4734848485
0.4709595960
0.4684343434
0.4659090909
0.4633838384
0.4608585859
0.4583333333
0.4558080808
0.4532828283
0.4507575758
0.4482323232
0.4457070707
0.4431818182
0.4406565657
0.4381313131
0.4356060606
0.4330808081
0.4305555556
0.4280303030
0.4255050505
0.4229797980
0.4204545455
0.4179292929
0.4154040404
0.4128787879
0.4103535354
0.4078282828
0.4053030303
0.4027777778
0.4002525253
0.3977272727
0.3952020202
0.3926767677
0.3901515152
0.3876262626
0.3851010101
0.3825757576
0.3800505051
0.3775252525
0.3750000000
Case #17:
0.5839382149
0.4755148304
0.5554955200
0.6138133082
0.5773284336
0.5303323843
0.3680454293
0.4486851956
0.5289768497
0.4603231530
0.4872018904
0.5833986741
0.6563732514
0.4897763010
0.5686763693
0.5261764728
0.4609261391
0.5277474687
0.4943587460
0.3621377244
0.4905725825
0.4575995219
0.4954636205
0.4429383759
0.4921328290
0.6053251185
0.5060054590
0.4961977501
0.3310428372
0.4538944601
0.4315123577
0.5054749665
0.5534871135
0.4907946570
0.4606930409
0.5816210187
0.5056567947
0.5511885606
0.5357313855
0.5666651778
0.4758278007
0.5845857770
0.3818603275
0.5944190646
0.5272765368
0.5516846187
0.6225154010
0.3656359045
0.4308246505
0.5400278259
0.4570463843
0.5013488277
0.4742839882
0.4776101664
0.5004527276
0.5036888850
0.5107935086
0.5093438589
0.5006479532
0.5553343142
0.5539128491
0.4266598277
0.5396250675
0.4672197597
0.5203846056
0.4863377417
0.5268862329
0.4922868262
0.3467889608
0.4884910478
0.4810111770
0.6496591288
0.5459680824
0.4539180928
0.5765722016
0.4463690456
0.5817264920
0.5497566907
0.5108173846
0.4871979826
0.3414280719
0.5016770095
0.4969151391
0.4468236775
0.3834008379
0.5537950070
0.5749717547
0.6086771375
0.5272329532
0.4689750308
0.5299737626
0.4211874853
0.4413538556
0.3621837219
0.4968002332
Case #18:
0.3831331776
0.4938507213
0.4901986748
0.5213287728
0.4606122372
0.5421426628
0.4994931000
0.5397878573
0.5690618547
0.4250585383
0.5159172271
0.5557874623
0.5477794716
0.4072418181
0.5781950914
0.4435494172
Case #19:
0.5424620118
0.5610296269
0.5467052313
0.4613597907
0.4772188000
0.4777179806
0.4341264596
0.5328725141
0.4125987707
0.5222830295
0.4491587630
0.5316603514
0.4899919763
0.5168218882
0.5140181342
0.5315676854
0.5709337768
0.5384913479
0.4949187553
0.5260946738
0.5480448541
0.3771311089
0.5435189381
0.4862841386
0.5716136045
0.5462498747
0.4968205172
0.3859667874
0.5075985396
0.3914042334
0.4816288311
0.5032890861
0.4521951037
0.5269954026
0.4873240471
0.5346238361
0.4420340515
0.5501328630
0.4349518329
0.5492174010
0.5323796269
0.4941798574
0.5136351241
0.4938719978
0.5053775032
Case #20:
0.6597222222
0.7187500000
0.3541666667
0.4861111111
0.5572916667
0.7083333333
0.6666666667
0.6545138889
0.6500000000
0.5092592593
0.5069444444
0.4375000000
0.4270833333
0.2135416667
0.5312500000
0.6250000000
0.7569444444
0.4236111111
0.5810185185
0.4486111111
0.2375000000
0.4097222222
0.3240740741
0.4333333333
0.5833333333
0.4791666667
0.4930555556
0.3125000000
0.5104166667
0.5798611111
0.4583333333
0.5989583333
0.4958333333
0.3246527778
0.2500000000
0.2013888889
0.6354166667
0.6250000000
0.7291666667
0.3208333333
0.6416666667
0.2291666667
0.0750000000
0.6979166667
0.5236111111
0.5531250000
0.3958333333
0.9218750000
0.5416666667
0.4502314815
0.6666666667
0.4895833333
0.1388888889
0.4180555556
0.5138888889
0.5000000000
0.5236111111
0.4791666667
0.0625000000
0.5648148148
0.7430555556
0.3246527778
0.3750000000
0.3888888889
0.6180555556
0.2812500000
0.4259259259
0.5625000000
0.5000000000
0.4010416667
0.5086805556
0.8541666667
0.3958333333
0.6111111111
0.5763888889
0.5583333333
0.5312500000
0.6875000000
0.6833333333
0.4479166667
0.7152777778
0.4305555556
0.6562500000
0.6875000000
0.5572916667
0.6909722222
0.3107638889
0.4305555556
0.7534722222
0.5118055556
0.8750000000
0.4375000000
0.4340277778
0.4826388889
0.4375000000
0.4907407407
0.4427083333
0.3703703704
0.2013888889
0.2861111111
