100
5
1 2 3 4 5
3
3 5 6
2
5 6
2
5 5
15
571903 443221 40809 95195 245083 111848 663458 617092 740200 375732 779629 335055 402179 606564 98708
15
542377 961184 332141 869251 543555 939233 941960 883097 791154 778886 370357 904444 530020 605385 228522
3
928540 701037 301425
11
180776 844579 356826 983850 376909 188475 819790 59995 247483 548234 295081
7
203271 565613 220336 29526 314280 943552 117739
7
935936 271700 15178 599507 380384 656637 834256
7
510025 28220 265730 522967 864455 486890 815814
9
566634 300238 429049 457821 788660 548764 936027 233145 739937
11
596311 65919 343972 632231 844772 223490 590077 166743 893399 991009 146833
3
114191 167825 209310
15
5854 2280 4930 7723 4134 9970 7030 7649 877 6276 5132 7814 8344 1861 5538
13
1091 6306 6609 1 4790 200 6409 6631 9102 8867 4037 6438 111
11
8372 9902 8012 6737 9652 5021 2561 1370 524 6283 8434
6
6302 1752 8550 6175 5384 12855
13
7544 3979 4047 6487 5281 432 2111 4927 6251 2985 4723 7399 5932
6
950 9498 2241 4411 5478 10800
5
4279 1965 1655 1327 9293
8
5069 6824 2740 9281 9472 9118 6358 14808
12
7993 6070 4311 1352 1079 3834 6837 9475 5786 4652 3630 8947
12
6888 1554 1943 9250 7359 9528 9459 9170 1217 722 8335 10101
14
9778 6441 2685 1652 8607 9458 7914 5646 374 3512 2125 663 6329 8246
12
7968 8038 9258 6022 3090 8397 1246 6272 5292 7218 5893 7542
6
7089 2538 8445 922 4680 9076
7
1926 7413 2715 1687 278 2596 7245
3
1701 8881 9236
8
7653 8016 2091 4559 724 750 8161 3537
6
7000 3002 463 7149 5426 2359
3
948 5627 5711
6
2215 5800 1110 159 8055 1457
9
9715 8906 9983 5038 693 5454 2098 2269 3423
15
7019 7821 1527 4713 2788 5472 9189 2836 1539 3571 612 6172 7677 6514 12298
3
4868 6114 1254
3
8289 2946 11235
3
248 3261 3141
12
4084 1059 9354 7872 997 3479 7548 7556 4022 9689 3204 6652
14
2308 8071 6844 956 1847 513 4201 8349 3528 4317 9534 2071 1221 3768
8
1820 417 4964 1412 6494 4784 8995 14480
5
5939 8493 1906 1707 14279
3
1654 9032 9235
6
7525 2205 5688 9787 6476 15543
9
8412 3437 6923 8759 740 3802 2836 9398 14097
13
7570 8251 7495 5013 1495 3062 1913 6664 5467 9334 3361 7202 5
13
8703 7606 6193 6953 8160 9674 8508 8724 4673 4808 6599 3532 4817
4
8810 1187 1298 9179
12
6695 3869 6267 4678 8147 1545 286 7663 9926 4363 7268 12677
5
7492 7131 5217 5149 1763
6
5883 5758 248 1182 5729 4667
3
4407 1550 5945
15
1160 9510 8320 5425 555 492 4890 6936 484 9038 3316 1438 2820 3021 13523
6
3841 6328 7334 2918 4424 1574
14
6446 6502 1733 986 6075 6386 1885 1948 663 6233 4480 6985 3299 5623
13
5986 4848 8913 5078 5974 1846 8390 6991 9451 9366 4475 4159 416
13
599 2008 8510 2663 5360 9404 2548 1345 3795 559 6097 4957 6701
13
7300 1882 8600 5170 576 2482 9679 254 3187 7995 9393 186 14324
3
3456 9726 10366
12
1865 1415 6636 774 5838 4390 4428 4801 3130 1816 3882 2868
11
8473 7663 1863 3155 3450 1282 1358 5008 4801 3928 13533
12
7469 8173 6731 2898 1337 9752 81 3727 3992 2028 4862 9374
11
4779 1965 7388 5218 8261 2901 1426 4332 4713 6640 10319
2
9749 2312
4
5649 2066 1506 7137
10
1098 8219 5011 1590 5597 5558 525 7491 5718 14471
7
2680 7636 8732 4419 6754 4011 1352
11
7787 2181 2124 2415 2929 96 9982 8490 1697 6540 1061
11
9585 1099 5804 8933 5851 130 2206 8896 2460 1432 9584
14
3877 131 2759 1214 992 1642 4226 8698 7242 9151 8131 91 7256 2328
15
7911 8948 2615 2256 1264 2157 1547 1433 5551 5268 3963 1743 2849 8140 11673
11
4751 9073 4820 3110 1006 7689 8518 9001 9449 402 5631
13
4299 7522 1418 6811 1172 4181 334 3867 1319 6067 5553 2168 3987
12
2847 1697 2345 2490 1283 357 6200 8141 8433 2507 1423 8715
9
548 1559 9343 2650 7012 8268 8268 6447 7671
11
5171 145 2323 9886 8033 5951 6914 6234 6634 9609 3146
11
2645 7900 5630 567 9315 7758 5168 6008 3108 9753 4120
13
7579 7736 1224 2488 9048 5229 3781 8781 4549 4528 1416 3419 7624
14
7222 7721 9441 1267 3333 7100 838 8527 5896 4656 8662 3264 9203 7520
11
1506 6022 6351 1138 5625 6258 5852 2772 2766 8539 13519
10
8286 4464 1162 7924 7225 4260 1506 1174 7120 15721
10
5566 2327 503 1956 6338 3199 5440 4572 2569 210
12
6228 9093 1169 994 3961 7525 986 637 6986 3289 5962 12224
6
5262 6550 3462 1232 8940 9890
3
950 9711 9817
15
3138 4062 9396 8350 9454 4433 5955 1365 9147 9643 101 9463 1578 6121 7676
5
8080 7035 2301 5440 6486
15
2469 6963 1155 9885 6970 7807 7348 1384 6593 7724 5970 3137 3901 6618 9736
8
9243 3717 6523 6281 178 7029 8301 4294
12
7353 8782 2523 6336 7049 6509 7889 3509 8026 6107 4909 9664
8
9473 1007 6511 2358 321 189 8804 5423
12
951 956 335 8641 9395 9584 497 3359 5200 4260 8533 4591
8
3030 8902 2251 8470 1970 8180 2669 4838
3
5023 3890 7341
5
4677 794 2245 4922 2720
12
2111 4701 3950 9319 5004 2406 5432 7089 8563 5071 189 5897
5
9561 9542 2722 9929 9205
15
1036 1232 3927 7053 2008 6913 4112 4268 8313 6706 9433 4935 5295 7047 2718
5
874 9507 9004 7814 3566
7
9204 7747 2149 1646 5254 127 10053
