6
0 40
0 0
20 0
20 20
40 20
40 40
120 40
70 100
4
0 0
10 0
10 10
0 10
100 100
10 11
3
0 0
10 10
10 0
0 0
1 2
7
0 5
5 7
2 10
10 10
8 5
10 2
5 0
500 500
50 70
12
0 0
0 20
8 20
8 15
2 15
2 8
17 8
17 15
9 15
9 20
20 20
20 0
1000 1000
10 20
4
0 0
0 10
10 10
10 0
310 11
6 60
8
0 0
10 0
10 5
7 10
6 5
3 5
2 10
0 5
5 10
5 6
14
0 0
2 0
2 2
4 0
6 2
6 0
8 0
8 10
6 10
6 8
4 10
2 8
2 10
0 10
50 15
1 2
24
0 0
2 0
2 2
4 0
6 2
6 0
8 0
8 4
6 4
8 5
6 6
8 6
8 10
6 10
6 8
4 10
2 8
2 10
0 10
0 6
2 6
0 5
2 4
0 4
50 15
1 2
12
-12 -1
-12 -12
-10 -12
-8 -9
-6 -12
-4 -12
-4 -1
-6 -1
-6 -10
-8 -6
-10 -10
-10 -1
-8 -10
1 2
0
