40
10 1 4 1 2
4 6 1
6 9 2
12 1 2 4 1
6 12 1
20 1 3 20 5
0 4 5
4 8 4
8 12 3
12 16 2
16 20 1
12 1 2 2 1
6 12 1
12 1 2 3 1
6 12 1
12 1 2 5 1
6 12 1
12 1 2 6 1
6 12 1
100 3 7 5 1
0 100 10
100 1 10 1 20
0 5 40
5 10 50
10 15 40
15 20 50
20 25 40
25 30 50
30 35 40
35 40 50
40 45 40
45 50 50
50 55 40
55 60 50
60 65 40
65 70 50
70 75 40
75 80 50
80 85 40
85 90 50
90 95 40
95 100 45
1 1 2 1 1
0 1 3
100 7 29 1 1
55 100 29
100 7 12 3 20
3 7 8
7 10 3
14 16 3
20 21 13
22 24 2
26 27 5
27 30 5
30 31 7
34 35 9
36 37 4
41 42 5
43 45 12
47 51 11
61 69 8
69 79 6
79 84 11
85 86 9
86 88 7
88 89 7
89 92 1
100 5 9 8 20
15 17 7
20 22 12
23 25 1
25 28 24
42 43 27
43 44 18
44 52 21
54 55 28
55 58 43
70 74 37
74 76 25
80 82 27
82 85 41
85 86 2
88 89 36
89 90 34
90 91 15
91 94 11
94 95 16
97 100 33
100 1 2 32 20
2 3 7
7 8 13
9 11 12
18 19 12
19 20 6
20 22 8
28 29 12
29 41 12
41 42 9
44 50 7
50 52 1
52 53 9
56 58 2
67 70 5
71 72 3
72 73 16
79 81 16
85 88 5
88 90 8
90 95 2
100 10 22 100 20
5 15 2
15 18 72
24 26 64
26 28 64
31 32 53
33 34 13
34 37 22
42 43 72
45 47 70
47 52 63
56 58 48
60 64 8
64 65 80
69 73 63
73 74 21
83 91 62
91 92 9
93 94 5
96 97 77
97 100 55
74 1 2 34 14
2 7 1
7 12 2
12 13 1
13 15 1
15 18 1
31 37 1
42 47 1
47 49 2
49 53 2
57 58 1
58 65 1
66 68 2
68 70 1
72 73 2
87 34 100 1 9
3 10 29
10 16 95
18 21 88
21 39 54
39 42 63
42 48 7
48 49 18
49 51 18
51 71 18
100 5 18 1 20
3 7 9
7 8 11
10 11 22
15 16 18
16 17 3
17 18 1
23 24 20
24 26 14
26 28 15
28 40 21
40 45 25
48 49 16
57 58 21
58 60 22
68 70 18
70 73 15
76 78 6
91 92 5
92 93 23
93 95 8
100 10 21 4 20
3 4 5
4 5 15
5 9 22
10 11 26
11 12 12
27 28 28
33 34 2
34 35 23
43 44 19
46 47 2
48 49 7
49 52 25
52 60 21
60 66 13
66 68 3
68 70 26
72 74 25
77 79 1
89 92 7
92 99 25
100 5 6 14 20
3 4 5
4 5 1
6 8 9
11 13 6
16 22 9
22 28 3
28 32 2
32 37 6
37 38 9
40 41 3
43 44 3
46 48 2
48 50 1
51 52 2
65 69 9
69 71 4
79 80 8
80 81 6
81 86 3
91 96 2
100 6 7 100 20
8 10 12
12 14 1
14 15 1
22 24 8
24 26 8
43 46 1
46 50 6
50 52 9
53 55 11
55 57 8
57 60 1
60 64 12
64 65 3
65 66 4
66 70 6
75 76 1
78 79 2
79 81 5
81 88 10
93 94 10
81 1 2 38 2
72 79 2
79 81 1
80 96 100 1 2
32 56 13
56 80 100
100 1 2 32 20
5 7 1
18 20 1
21 27 4
27 31 1
40 42 3
42 45 3
47 48 2
48 49 4
49 50 1
50 61 4
61 62 1
62 63 3
63 65 2
66 69 2
69 72 1
74 75 3
79 82 1
82 83 1
93 94 4
94 95 1
100 1 2 42 20
1 3 2
3 6 1
14 17 2
17 21 2
24 25 1
30 32 2
42 47 2
47 48 1
48 49 1
57 58 1
64 65 1
75 76 3
76 79 3
79 80 2
80 82 3
84 85 2
85 88 3
88 91 1
94 97 1
99 100 1
100 25 43 2 20
0 3 9
5 6 46
7 8 26
8 9 18
15 17 21
20 22 47
24 26 41
26 27 38
33 37 16
38 39 41
39 42 24
43 55 42
56 58 13
58 59 50
62 66 50
66 68 28
68 71 23
75 76 7
76 77 3
78 81 18
100 1 4 100 20
6 7 2
7 11 4
12 13 2
18 22 2
23 25 2
34 37 2
37 39 3
39 40 3
41 42 4
48 51 3
51 54 4
64 65 3
68 69 5
69 71 4
71 72 3
75 76 4
76 78 2
78 79 4
81 83 3
95 100 2
67 1 2 30 20
0 1 2
5 6 1
6 7 2
7 8 1
12 14 1
16 18 2
19 22 1
22 23 1
23 24 2
24 25 2
26 27 2
30 31 1
31 33 2
37 41 1
41 42 1
42 45 1
47 49 2
50 54 2
55 56 2
57 58 1
63 51 100 1 8
3 8 92
9 10 92
16 20 96
21 23 1
23 25 59
25 26 4
44 49 79
49 63 33
54 1 3 10 11
0 7 1
7 17 5
17 22 6
22 32 1
34 36 6
36 37 4
37 42 4
42 43 4
43 44 4
44 47 3
51 54 4
71 7 8 5 5
3 4 8
23 44 11
46 51 2
51 66 14
68 71 8
94 7 10 7 17
1 4 11
5 7 3
21 24 4
26 27 5
27 29 1
34 47 4
47 49 11
53 61 8
61 62 5
62 67 5
67 68 5
68 74 9
74 77 7
77 83 11
85 90 5
90 92 2
93 94 6
97 2 3 27 17
3 18 1
18 19 3
19 20 1
26 27 1
28 35 3
35 37 1
41 43 2
43 44 2
50 52 1
52 56 2
56 58 2
59 61 1
61 64 3
64 66 1
66 69 2
75 79 1
82 88 2
80 3 10 5 5
17 40 8
46 52 11
52 59 6
59 61 9
61 80 5
70 2 8 13 13
4 9 3
9 15 1
15 16 7
16 26 1
26 29 9
30 35 8
35 39 7
39 40 10
40 50 2
50 53 5
53 56 3
56 58 6
58 64 3
92 36 47 1 18
0 2 22
28 33 15
33 34 28
34 43 35
47 48 31
50 51 23
58 62 28
62 64 12
64 67 37
67 69 38
74 76 41
76 77 35
77 82 28
82 83 39
83 86 37
86 90 5
90 91 33
91 92 35
73 79 80 1 8
5 6 84
6 11 54
11 14 80
23 28 31
28 29 39
44 48 34
48 51 40
67 70 37
60 2 3 13 17
2 7 4
7 8 2
8 10 2
10 12 4
12 14 1
17 20 1
20 25 1
25 26 4
26 27 3
29 32 4
33 34 3
34 35 1
35 39 3
39 41 1
41 43 2
48 51 2
51 59 4
59 1 6 8 13
9 12 12
12 13 15
20 26 3
26 27 15
29 33 10
39 41 16
44 45 13
46 49 15
50 51 7
51 52 5
52 53 9
53 54 1
56 57 8
57 1 2 21 7
2 5 1
5 11 3
11 18 3
18 20 4
20 25 1
26 28 4
35 43 3
