4 6
1 2
1 3
2 4
3 4
4 0
4 0
4 6
1 2
1 3
1 4
2 0
3 0
4 0
5 9
1 2
1 3
1 4
2 0
3 0
4 0
1 5
2 5
5 0
11 24
1 2
2 8
1 6
2 6
8 6
1 5
1 4
5 4
1 3
3 4
3 6
3 6
3 6
5 11
4 7
6 7
7 11
6 9
7 10
9 0
8 0
10 0
11 0
11 0
17 40
0 1
8 17
4 0
2 0
0 2
4 0
12 14
12 15
1 2
2 8
1 6
2 6
8 6
1 5
1 4
5 4
1 3
3 4
3 6
3 6
3 6
5 11
4 7
6 7
7 11
6 9
7 10
9 12
8 12
10 12
11 12
11 12
8 13
13 14
14 15
14 16
15 17
17 16
17 0
0 17
50 22
1 3
1 3
1 3
2 3
2 3
2 3
1 2
1 2
1 2
3 0
1 0
1 4
4 2
4 0
3 0
3 0
2 0
2 0
0 2
0 2
3 0
4 0
7 15
1 2
1 5
1 3
1 4
2 3
2 5
3 4
4 2
2 0
5 6
4 6
4 0
4 0
6 0
3 0
2 13
1 2
1 2
2 0
1 2
2 2
1 2
1 1
2 2
0 1
0 0
0 0
0 0
2 2
4 9
1 2
1 4
2 3
2 0
2 2
4 2
3 0
3 0
2 1
7 1000
1 2
2 3
3 4
4 5
5 1
1 0
2 0
3 0
0 4
0 5
1 2
2 3
3 4
4 5
5 1
1 0
2 0
3 0
0 4
0 5
1 2
2 3
3 4
4 5
5 1
1 0
2 0
3 0
0 4
0 5
1 2
2 3
3 4
4 5
5 1
1 0
2 0
3 0
0 4
0 5
1 2
2 3
3 4
4 5
5 1
1 0
2 0
3 0
0 4
0 5
1 2
2 3
3 4
4 5
5 1
1 0
2 0
3 0
0 4
0 5
1 2
2 3
3 4
4 5
5 1
1 0
2 0
3 0
0 4
0 5
1 2
2 3
3 4
4 5
5 1
1 0
2 0
3 0
0 4
0 5
1 2
2 3
3 4
4 5
5 1
1 0
2 0
3 0
0 4
0 5
1 2
2 3
3 4
4 5
5 1
1 0
2 0
3 0
0 4
0 5
1 2
2 3
3 4
4 5
5 1
1 0
2 0
3 0
0 4
0 5
1 2
2 3
3 4
4 5
5 1
1 0
2 0
3 0
0 4
0 5
1 2
2 3
3 4
4 5
5 1
1 0
2 0
3 0
0 4
0 5
1 2
2 3
3 4
4 5
5 1
1 0
2 0
3 0
0 4
0 5
1 2
2 3
3 4
4 5
5 1
1 0
2 0
3 0
0 4
0 5
1 2
2 3
3 4
4 5
5 1
1 0
2 0
3 0
0 4
0 5
1 2
2 3
3 4
4 5
5 1
1 0
2 0
3 0
0 4
0 5
1 2
2 3
3 4
4 5
5 1
1 0
2 0
3 0
0 4
0 5
1 2
2 3
3 4
4 5
5 1
1 0
2 0
3 0
0 4
0 5
1 2
2 3
3 4
4 5
5 1
1 0
2 0
3 0
0 4
0 5
1 2
2 3
3 4
4 5
5 1
1 0
2 0
3 0
0 4
0 5
1 2
2 3
3 4
4 5
5 1
1 0
2 0
3 0
0 4
0 5
1 2
2 3
3 4
4 5
5 1
1 0
2 0
3 0
0 4
0 5
1 2
2 3
3 4
4 5
5 1
1 0
2 0
3 0
0 4
0 5
1 2
2 3
3 4
4 5
5 1
1 0
2 0
3 0
0 4
0 5
1 2
2 3
3 4
4 5
5 1
1 0
2 0
3 0
0 4
0 5
1 2
2 3
3 4
4 5
5 1
1 0
2 0
3 0
0 4
0 5
1 2
2 3
3 4
4 5
5 1
1 0
2 0
3 0
0 4
0 5
1 2
2 3
3 4
4 5
5 1
1 0
2 0
3 0
0 4
0 5
1 2
2 3
3 4
4 5
5 1
1 0
2 0
3 0
0 4
0 5
1 2
2 3
3 4
4 5
5 1
1 0
2 0
3 0
0 4
0 5
1 2
2 3
3 4
4 5
5 1
1 0
2 0
3 0
0 4
0 5
1 2
2 3
3 4
4 5
5 1
1 0
2 0
3 0
0 4
0 5
1 2
2 3
3 4
4 5
5 1
1 0
2 0
3 0
0 4
0 5
1 2
2 3
3 4
4 5
5 1
1 0
2 0
3 0
0 4
0 5
1 2
2 3
3 4
4 5
5 1
1 0
2 0
3 0
0 4
0 5
1 2
2 3
3 4
4 5
5 1
1 0
2 0
3 0
0 4
0 5
1 2
2 3
3 4
4 5
5 1
1 0
2 0
3 0
0 4
0 5
1 2
2 3
3 4
4 5
5 1
1 0
2 0
3 0
0 4
0 5
1 2
2 3
3 4
4 5
5 1
1 0
2 0
3 0
0 4
0 5
1 2
2 3
3 4
4 5
5 1
1 0
2 0
3 0
0 4
0 5
1 2
2 3
3 4
4 5
5 1
1 0
2 0
3 0
0 4
0 5
1 2
2 3
3 4
4 5
5 1
1 0
2 0
3 0
0 4
0 5
1 2
2 3
3 4
4 5
5 1
1 0
2 0
3 0
0 4
0 5
1 2
2 3
3 4
4 5
5 1
1 0
2 0
3 0
0 4
0 5
1 2
2 3
3 4
4 5
5 1
1 0
2 0
3 0
0 4
0 5
1 2
2 3
3 4
4 5
5 1
1 0
2 0
3 0
0 4
0 5
1 2
2 3
3 4
4 5
5 1
1 0
2 0
3 0
0 4
0 5
1 2
2 3
3 4
4 5
5 1
1 0
2 0
3 0
0 4
0 5
1 2
2 3
3 4
4 5
5 1
1 0
2 0
3 0
0 4
0 5
1 2
2 3
3 4
4 5
5 1
1 0
2 0
3 0
0 4
0 5
1 2
2 3
3 4
4 5
5 1
1 0
2 0
3 0
0 4
0 5
1 2
2 3
3 4
4 5
5 1
1 0
2 0
3 0
0 4
0 5
1 2
2 3
3 4
4 5
5 1
1 0
2 0
3 0
0 4
0 5
1 2
2 3
3 4
4 5
5 1
1 0
2 0
3 0
0 4
0 5
1 2
2 3
3 4
4 5
5 1
1 0
2 0
3 0
0 4
0 5
1 2
2 3
3 4
4 5
5 1
1 0
2 0
3 0
0 4
0 5
1 2
2 3
3 4
4 5
5 1
1 0
2 0
3 0
0 4
0 5
1 2
2 3
3 4
4 5
5 1
1 0
2 0
3 0
0 4
0 5
1 2
2 3
3 4
4 5
5 1
1 0
2 0
3 0
0 4
0 5
1 2
2 3
3 4
4 5
5 1
1 0
2 0
3 0
0 4
0 5
1 2
2 3
3 4
4 5
5 1
1 0
2 0
3 0
0 4
0 5
1 2
2 3
3 4
4 5
5 1
1 0
2 0
3 0
0 4
0 5
1 2
2 3
3 4
4 5
5 1
1 0
2 0
3 0
0 4
0 5
1 2
2 3
3 4
4 5
5 1
1 0
2 0
3 0
0 4
0 5
1 2
2 3
3 4
4 5
5 1
1 0
2 0
3 0
0 4
0 5
1 2
2 3
3 4
4 5
5 1
1 0
2 0
3 0
0 4
0 5
1 2
2 3
3 4
4 5
5 1
1 0
2 0
3 0
0 4
0 5
1 2
2 3
3 4
4 5
5 1
1 0
2 0
3 0
0 4
0 5
1 2
2 3
3 4
4 5
5 1
1 0
2 0
3 0
0 4
0 5
1 2
2 3
3 4
4 5
5 1
1 0
2 0
3 0
0 4
0 5
1 2
2 3
3 4
4 5
5 1
1 0
2 0
3 0
0 4
0 5
1 2
2 3
3 4
4 5
5 1
1 0
2 0
3 0
0 4
0 5
1 2
2 3
3 4
4 5
5 1
1 0
2 0
3 0
0 4
0 5
1 2
2 3
3 4
4 5
5 1
1 0
2 0
3 0
0 4
0 5
1 2
2 3
3 4
4 5
5 1
1 0
2 0
3 0
0 4
0 5
1 2
2 3
3 4
4 5
5 1
1 0
2 0
3 0
0 4
0 5
1 2
2 3
3 4
4 5
5 1
1 0
2 0
3 0
0 4
0 5
1 2
2 3
3 4
4 5
5 1
1 0
2 0
3 0
0 4
0 5
1 2
2 3
3 4
4 5
5 1
1 0
2 0
3 0
0 4
0 5
1 2
2 3
3 4
4 5
5 1
1 0
2 0
3 0
0 4
0 5
1 2
2 3
3 4
4 5
5 1
1 0
2 0
3 0
0 4
0 5
1 2
2 3
3 4
4 5
5 1
1 0
2 0
3 0
0 4
0 5
1 2
2 3
3 4
4 5
5 1
1 0
2 0
3 0
0 4
0 5
1 2
2 3
3 4
4 5
5 1
1 0
2 0
3 0
0 4
0 5
1 2
2 3
3 4
4 5
5 1
1 0
2 0
3 0
0 4
0 5
1 2
2 3
3 4
4 5
5 1
1 0
2 0
3 0
0 4
0 5
1 2
2 3
3 4
4 5
5 1
1 0
2 0
3 0
0 4
0 5
1 2
2 3
3 4
4 5
5 1
1 0
2 0
3 0
0 4
0 5
1 2
2 3
3 4
4 5
5 1
1 0
2 0
3 0
0 4
0 5
1 2
2 3
3 4
4 5
5 1
1 0
2 0
3 0
0 4
0 5
1 2
2 3
3 4
4 5
5 1
1 0
2 0
3 0
0 4
0 5
1 2
2 3
3 4
4 5
5 1
1 0
2 0
3 0
0 4
0 5
1 2
2 3
3 4
4 5
5 1
1 0
2 0
3 0
0 4
0 5
1 2
2 3
3 4
4 5
5 1
1 0
2 0
3 0
0 4
0 5
1 2
2 3
3 4
4 5
5 1
1 0
2 0
3 0
0 4
0 5
1 2
2 3
3 4
4 5
5 1
1 0
2 0
3 0
0 4
0 5
1 2
2 3
3 4
4 5
5 1
1 0
2 0
3 0
0 4
0 5
1 2
2 3
3 4
4 5
5 1
1 0
2 0
3 0
0 4
0 5
1 2
2 3
3 4
4 5
5 1
1 0
2 0
3 0
0 4
0 5
1 1000
1 0
1 0
1 0
1 0
1 0
1 0
1 0
1 0
1 0
1 0
1 0
1 0
1 0
1 0
1 0
1 0
1 0
1 0
1 0
1 0
1 0
1 0
1 0
1 0
1 0
1 0
1 0
1 0
1 0
1 0
1 0
1 0
1 0
1 0
1 0
1 0
1 0
1 0
1 0
1 0
1 0
1 0
1 0
1 0
1 0
1 0
1 0
1 0
1 0
1 0
1 0
1 0
1 0
1 0
1 0
1 0
1 0
1 0
1 0
1 0
1 0
1 0
1 0
1 0
1 0
1 0
1 0
1 0
1 0
1 0
1 0
1 0
1 0
1 0
1 0
1 0
1 0
1 0
1 0
1 0
1 0
1 0
1 0
1 0
1 0
1 0
1 0
1 0
1 0
1 0
1 0
1 0
1 0
1 0
1 0
1 0
1 0
1 0
1 0
1 0
1 0
1 0
1 0
1 0
1 0
1 0
1 0
1 0
1 0
1 0
1 0
1 0
1 0
1 0
1 0
1 0
1 0
1 0
1 0
1 0
1 0
1 0
1 0
1 0
1 0
1 0
1 0
1 0
1 0
1 0
1 0
1 0
1 0
1 0
1 0
1 0
1 0
1 0
1 0
1 0
1 0
1 0
1 0
1 0
1 0
1 0
1 0
1 0
1 0
1 0
1 0
1 0
1 0
1 0
1 0
1 0
1 0
1 0
1 0
1 0
1 0
1 0
1 0
1 0
1 0
1 0
1 0
1 0
1 0
1 0
1 0
1 0
1 0
1 0
1 0
1 0
1 0
1 0
1 0
1 0
1 0
1 0
1 0
1 0
1 0
1 0
1 0
1 0
1 0
1 0
1 0
1 0
1 0
1 0
1 0
1 0
1 0
1 0
1 0
1 0
1 0
1 0
1 0
1 0
1 0
1 0
1 0
1 0
1 0
1 0
1 0
1 0
1 0
1 0
1 0
1 0
1 0
1 0
1 0
1 0
1 0
1 0
1 0
1 0
1 0
1 0
1 0
1 0
1 0
1 0
1 0
1 0
1 0
1 0
1 0
1 0
1 0
1 0
1 0
1 0
1 0
1 0
1 0
1 0
1 0
1 0
1 0
1 0
1 0
1 0
1 0
1 0
1 0
1 0
1 0
1 0
1 0
1 0
1 0
1 0
1 0
1 0
1 0
1 0
1 0
1 0
1 0
1 0
1 0
1 0
1 0
1 0
1 0
1 0
1 0
1 0
1 0
1 0
1 0
1 0
1 0
1 0
1 0
1 0
1 0
1 0
1 0
1 0
1 0
1 0
1 0
1 0
1 0
1 0
1 0
1 0
1 0
1 0
1 0
1 0
1 0
1 0
1 0
1 0
1 0
1 0
1 0
1 0
1 0
1 0
1 0
1 0
1 0
1 0
1 0
1 0
1 0
1 0
1 0
1 0
1 0
1 0
1 0
1 0
1 0
1 0
1 0
1 0
1 0
1 0
1 0
1 0
1 0
1 0
1 0
1 0
1 0
1 0
1 0
1 0
1 0
1 0
1 0
1 0
1 0
1 0
1 0
1 0
1 0
1 0
1 0
1 0
1 0
1 0
1 0
1 0
1 0
1 0
1 0
1 0
1 0
1 0
1 0
1 0
1 0
1 0
1 0
1 0
1 0
1 0
1 0
1 0
1 0
1 0
1 0
1 0
1 0
1 0
1 0
1 0
1 0
1 0
1 0
1 0
1 0
1 0
1 0
1 0
1 0
1 0
1 0
1 0
1 0
1 0
1 0
1 0
1 0
1 0
1 0
1 0
1 0
1 0
1 0
1 0
1 0
1 0
1 0
1 0
1 0
1 0
1 0
1 0
1 0
1 0
1 0
1 0
1 0
1 0
1 0
1 0
1 0
1 0
1 0
1 0
1 0
1 0
1 0
1 0
1 0
1 0
1 0
1 0
1 0
1 0
1 0
1 0
1 0
1 0
1 0
1 0
1 0
1 0
1 0
1 0
1 0
1 0
1 0
1 0
1 0
1 0
1 0
1 0
1 0
1 0
1 0
1 0
1 0
1 0
1 0
1 0
1 0
1 0
1 0
1 0
1 0
1 0
1 0
1 0
1 0
1 0
1 0
1 0
1 0
1 0
1 0
1 0
1 0
1 0
1 0
1 0
1 0
1 0
1 0
1 0
1 0
1 0
1 0
1 0
1 0
1 0
1 0
1 0
1 0
1 0
1 0
1 0
1 0
1 0
1 0
1 0
1 0
1 0
1 0
1 0
1 0
1 0
1 0
1 0
1 0
1 0
1 0
1 0
1 0
1 0
1 0
1 0
1 0
1 0
1 0
1 0
1 0
1 0
1 0
1 0
1 0
1 0
1 0
1 0
1 0
1 0
1 0
1 0
1 0
1 0
1 0
1 0
1 0
1 0
1 0
1 0
1 0
1 0
1 0
1 0
1 0
1 0
1 0
1 0
1 0
1 0
1 0
1 0
1 0
1 0
1 0
1 0
1 0
1 0
1 0
1 0
1 0
1 0
1 0
1 0
1 0
1 0
1 0
1 0
1 0
1 0
1 0
1 0
1 0
1 0
1 0
1 0
1 0
1 0
1 0
1 0
1 0
1 0
1 0
1 0
1 0
1 0
1 0
1 0
1 0
1 0
1 0
1 0
1 0
1 0
1 0
1 0
1 0
1 0
1 0
1 0
1 0
1 0
1 0
1 0
1 0
1 0
1 0
1 0
1 0
1 0
1 0
1 0
1 0
1 0
1 0
1 0
1 0
1 0
1 0
1 0
1 0
1 0
1 0
1 0
1 0
1 0
1 0
1 0
1 0
1 0
1 0
1 0
1 0
1 0
1 0
1 0
1 0
1 0
1 0
1 0
1 0
1 0
1 0
1 0
1 0
1 0
1 0
1 0
1 0
1 0
1 0
1 0
1 0
1 0
1 0
1 0
1 0
1 0
1 0
1 0
1 0
1 0
1 0
1 0
1 0
1 0
1 0
1 0
1 0
1 0
1 0
1 0
1 0
1 0
1 0
1 0
1 0
1 0
1 0
1 0
1 0
1 0
1 0
1 0
1 0
1 0
1 0
1 0
1 0
1 0
1 0
1 0
1 0
1 0
1 0
1 0
1 0
1 0
1 0
1 0
1 0
1 0
1 0
1 0
1 0
1 0
1 0
1 0
1 0
1 0
1 0
1 0
1 0
1 0
1 0
1 0
1 0
1 0
1 0
1 0
1 0
1 0
1 0
1 0
1 0
1 0
1 0
1 0
1 0
1 0
1 0
1 0
1 0
1 0
1 0
1 0
1 0
1 0
1 0
1 0
1 0
1 0
1 0
1 0
1 0
1 0
1 0
1 0
1 0
1 0
1 0
1 0
1 0
1 0
1 0
1 0
1 0
1 0
1 0
1 0
1 0
1 0
1 0
1 0
1 0
1 0
1 0
1 0
1 0
1 0
1 0
1 0
1 0
1 0
1 0
1 0
1 0
1 0
1 0
1 0
1 0
1 0
1 0
1 0
1 0
1 0
1 0
1 0
1 0
1 0
1 0
1 0
1 0
1 0
1 0
1 0
1 0
1 0
1 0
1 0
1 0
1 0
1 0
1 0
1 0
1 0
1 0
1 0
1 0
1 0
1 0
1 0
1 0
1 0
1 0
1 0
1 0
1 0
1 0
1 0
1 0
1 0
1 0
1 0
1 0
1 0
1 0
1 0
1 0
1 0
1 0
1 0
1 0
1 0
1 0
1 0
1 0
1 0
1 0
1 0
1 0
1 0
1 0
1 0
1 0
1 0
1 0
1 0
1 0
1 0
1 0
1 0
1 0
1 0
1 0
1 0
1 0
1 0
1 0
1 0
1 0
1 0
1 0
1 0
1 0
1 0
1 0
1 0
1 0
1 0
1 0
1 0
1 0
1 0
1 0
1 0
1 0
1 0
1 0
1 0
1 0
1 0
1 0
1 0
1 0
1 0
1 0
1 0
1 0
1 0
1 0
1 0
1 0
1 0
1 0
1 0
1 0
1 0
1 0
1 0
1 0
1 0
1 0
1 0
1 0
1 0
1 0
1 0
1 0
1 0
1 0
1 0
1 0
1 0
1 0
1 0
1 0
1 0
1 0
1 0
1 0
1 0
1 0
1 0
1 0
1 0
1 0
1 0
1 0
1 0
1 0
1 0
1 0
1 0
1 0
1 0
1 0
1 0
1 0
1 0
1 0
1 0
1 0
1 0
1 0
1 0
1 0
1 0
1 0
1 0
1 0
1 0
1 0
1 0
1 0
1 0
1 0
1 0
1 0
1 0
1 0
1 0
1 0
1 0
1 0
1 0
1 0
1 0
1 0
1 0
1 0
1 0
1 0
1 0
1 0
1 0
1 0
1 0
1 0
1 0
1 0
1 0
1 0
1 0
1 0
1 0
1 0
1 0
1 0
1 0
1 0
1 0
1 0
1 0
1 0
1 0
1 0
1 0
1 0
1 1
1 10
1 1
1 1
1 1
1 1
1 1
1 1
1 1
1 1
1 1
1 0
0 0
