100
5 59 83
8 60 73
3 60 7
10 26 23
6 70 10
8 42 17
1 99 0
2 99 89
6 90 3
2 60 55
8 50 100
1 20 100
1 55 92
10 95 42
4 82 20
10 69 59
2 50 34
5 64 89
8 0 100
10 55 19
10 2 87
1 66 91
9 62 83
10 100 0
10 93 0
6 86 92
4 92 90
9 94 38
8 41 2
6 39 1
10 70 46
3 40 60
1 64 69
8 25 72
7 73 37
8 43 94
2 50 77
5 19 89
5 39 8
4 1 95
6 75 96
1 73 1
4 25 76
2 40 18
2 80 64
2 95 28
2 25 64
8 65 39
10 61 34
10 96 66
7 57 93
10 57 31
3 80 24
2 92 38
3 33 2
8 46 22
10 49 99
3 40 24
2 50 48
5 10 91
4 0 0
5 90 53
6 75 4
2 92 18
8 89 69
1 50 63
8 11 65
2 24 2
7 60 23
4 75 34
8 50 0
2 25 17
10 66 22
1 50 76
10 19 96
8 100 100
8 1 7
4 35 7
2 98 24
4 61 86
6 83 15
6 40 91
4 74 36
9 42 29
10 96 43
10 10 60
10 24 40
6 76 19
10 96 67
10 90 58
10 65 31
3 75 91
6 54 87
7 53 21
4 25 25
8 35 60
6 51 47
10 12 72
1 50 75
6 35 63
