178477637 24851995
97535118 58604910
116176034 50062474
127398994 69181112
128132118 34245526
157808352 52612364
123268931 17425093
110639279 67522637
208772468 1830094
189662629 9858807
11997876 1879152
17758113 3711575
8002500 6450684
12269749 3000037
21249895 395129
15020917 1230495
12052854 1313370
7693590 7483098
12859051 5606719
16808724 3745630
7228685 2239965
12349178 7539134
13311762 1061718
9527926 2380738
13053651 248675
14129425 5584429
6801678 3245710
16007588 626458
8621377 2198745
14314071 4428051
1351855 409475
1525440 382540
1106060 432550
1065125 481995
977945 548915
672790 474840
1291490 271820
769830 659710
1599180 106320
1719515 148745
1771840 71670
1032105 460345
1047755 606375
1624685 133855
1458840 381590
1491875 402285
1162120 241930
1858420 81390
932755 807815
1156735 406585
1456390 123970
1036455 163845
649195 427495
1153805 588005
961010 801740
935250 170130
787455 218645
1418395 436745
826920 791780
1269175 315955
99485 45777
127895 1455
37650 35790
106640 75084
54105 33549
170140 6190
59425 21533
55590 30706
89565 20737
66825 45677
65140 60072
99275 705
68765 31337
153525 15265
102265 73997
159300 3050
76630 14290
115005 59977
88820 23784
72320 50412
93060 40520
109010 39462
76975 36195
105285 65137
66075 64479
106795 55839
52950 27418
112000 3170
74885 41009
124225 3935
124350 33760
109780 51784
107250 26930
45025 28317
70100 42320
103025 49013
140300 44170
88075 38519
111540 49528
74800 68108
6515 3891
6332 1986
8342 2370
11924 738
7031 3735
9545 1017
12254 1278
6335 5439
12365 81
8456 1638
5708 3762
6158 6133
10031 3123
4367 3513
11132 756
9107 99
7316 582
5390 4662
6632 2532
12029 903
6167 1971
7985 3915
8600 4908
3755 3500
9425 2697
13619 435
7136 6646
10718 1896
10205 1731
11249 2487
7574 2304
6866 1812
4121 3111
8579 1017
8261 4131
6035 5630
8285 75
6437 2835
7181 3975
6563 4083
4397 3123
5828 5142
6677 3423
5555 4629
10130 3648
13127 159
7124 2544
8714 3540
8108 1254
1364 60
800 390
1205 285
365 300
650 575
467 197
788 328
848 246
863 383
992 6
803 111
683 338
695 57
1202 66
878 186
530 230
404 369
854 569
452 297
761 249
821 3
818 618
848 180
1031 381
920 505
806 300
710 480
692 452
956 18
1292 138
377 272
800 108
1073 309
1148 132
365 300
683 633
413 378
653 63
521 376
668 156
1094 390
1052 378
965 201
1178 174
1301 201
827 562
890 246
992 378
902 432
1085 93
1100 246
377 252
662 402
695 57
923 523
929 105
602 142
485 265
680 610
488 198
80 4
82 14
66 14
40 36
50 34
46 10
52 40
60 28
68 8
80 4
68 24
62 30
52 8
84 8
58 2
96 4
92 16
80 24
60 40
74 26
74 26
54 46
80 4
94 18
54 34
56 4
98 10
70 26
42 30
64 16
106 2
44 36
88 12
42 14
50 46
106 2
52 44
42 18
38 18
56 48
66 42
58 10
64 48
40 16
46 10
62 42
42 18
64 48
78 34
56 28
110 2
56 36
62 50
52 36
106 2
70 34
60 8
52 20
32 24
32 24
44 16
78 10
46 18
50 42
56 24
60 52
58 22
79314167 78888575
20763472 20668382
50908363 50074351
86907613 86506645
60556155 59843043
86961506 86304050
42723004 42158788
46168467 45984231
48941629 48150649
13932158 13826378
5904390 5850040
1783310 1783261
6682475 6606125
53795 53487
7549803 7464463
4807245 4795297
6760448 6701688
6435424 6344404
2052605 2027625
2482790 2443866
1061455 1046395
343910 342514
4658040 4614852
3487690 3482062
2222060 2212016
7409103 7283631
5350935 5347295
7811764 7769064
3002465 2977053
2204550 2172202
145340 144344
269360 267068
549110 543530
506100 502752
607285 603353
751410 741862
271450 269822
600090 598630
668370 664286
563060 561856
639980 636352
448535 445531
453820 448688
297815 294619
43915 43642
713200 712661
591785 591561
449625 443101
8873 8793
50415 49547
660280 652364
638425 638362
27200 26920
969955 956343
673350 665442
208025 205405
266445 266018
436600 434292
149965 148921
865115 859079
31825 31307
39535 39423
80100 79477
67395 66919
69225 68742
16682 16627
83345 82477
6032 5992
17528 17503
14570 14555
51435 51260
48890 48302
58670 58110
20843 20538
25064 24869
51030 50519
85450 83950
82620 81200
45685 45237
58355 58117
19511 19496
13073 13068
53140 52993
67370 66526
86355 85760
81260 80616
24128 24083
77555 76423
23174 22994
23213 23198
5693 5653
16073 15933
14657 14607
55465 54677
22589 22269
18866 18756
59095 59039
82205 82100
33260 32721
5912 5832
3137 3132
1580 1575
5498 5493
4442 4427
5960 5930
4523 4493
3431 3406
7481 7471
8465 8440
8690 8650
6317 6277
6740 6685
10670 10655
9584 9554
11813 11758
12005 11925
10157 10072
13505 13485
13871 13826
13055 12990
13823 13733
12803 12698
16088 16063
16526 16471
17015 16930
16808 16698
15983 15853
18896 18866
18554 18494
20552 20452
18494 18374
20399 20229
21947 21912
22052 21982
23408 23293
23180 23025
23426 23231
25745 25705
26777 26692
24563 24443
26135 25965
24554 24349
29192 29147
28169 28079
29024 28879
29099 28909
28985 28745
521190497 63
582337968 56
523052063 35
550909949 35
566590803 21
622599455 63
662170084 56
627932993 49
616364807 35
680330408 14
754817968 84
732248659 63
758055314 56
701927697 35
712402462 28
839233950 98
897368726 84
850746528 56
807257019 35
876254563 21
978100209 105
977434698 84
956862811 63
969508374 42
921186877 21
999999989 105
999999996 84
999999989 63
999999975 49
999999982 28
0 0
