50
199 656918
-65987 5745
-65982 2901
-65975 7685
-65966 8684
-65964 6083
-65960 5939
-65956 2775
-65947 8707
-65940 8824
-65939 7320
-65937 4011
-65934 9163
-65928 6668
-65920 6409
-65918 9004
-65912 7464
-65907 5353
-65906 4827
-65898 7598
-65891 2968
-65890 7475
-65880 9283
-65876 3606
-65867 8390
-65864 8958
-65858 7676
-65852 8413
-65848 4344
-65843 5966
-65833 5186
-65823 3838
-65813 2916
-65807 3025
-65803 7760
-65802 3969
-65797 8129
-65795 7313
-65794 2399
-65789 5747
-65781 7319
-65771 3629
-65766 5201
-65759 5779
-65758 9132
-65748 3766
-65738 3186
-65733 5033
-65729 8500
-65727 7507
-65722 5632
-65721 6984
-65711 6893
-65705 7552
-65703 3847
-65702 5938
-65693 7289
-65687 6953
-65677 8960
-65675 7268
-65667 6950
-65658 2547
-65654 4224
-65645 3260
-65638 5813
-65632 8933
-65624 5794
-65620 8695
-65619 2551
-65610 5927
-65609 7016
-65606 8167
-65605 4537
-65603 7726
-65599 6075
-65590 5303
-65581 2394
-65580 8630
-65578 3318
-65577 5658
-65574 2974
-65573 5029
-65567 3018
-65566 2274
-65562 4669
-65552 5950
-65543 3063
-65537 4335
-65535 6970
-65534 7731
-65530 7726
-65522 6883
-65513 5438
-65507 2888
-65506 7083
-65496 6246
-65490 8063
-65484 5042
-65479 7754
-65477 4972
-65471 6804
-65467 3777
-65464 3265
-65458 6596
-65450 5681
-65448 4829
-65441 5659
-65436 6388
-65435 2231
-65428 4711
-65419 2550
-65414 5255
-65407 5298
-65397 6211
-65389 3618
-65387 4719
-65386 6560
-65377 6552
-65369 6076
-65359 7632
-65355 3895
-65345 3309
-65343 2036
-65338 3759
-65331 2291
-65327 3674
-65319 4450
-65316 6244
-65308 1974
-65300 6317
-65296 5828
-65287 5998
-65277 7418
-65268 3570
-65261 1902
-65255 2443
-65253 5618
-65243 3714
-65241 4604
-65232 1916
-65226 5718
-65219 3874
-65217 6889
-65209 2514
-65204 2175
-65199 6963
-65194 2638
-65192 5909
-65188 6588
-65184 5574
-65181 4027
-65179 1962
-65173 3162
-65171 4053
-65165 4656
-65156 1851
-65150 5795
-65147 5347
-65138 1959
-65133 2105
-65127 2280
-65126 1777
-65121 3586
-65114 5944
-65108 2055
-65105 5136
-65095 2985
-65090 2963
-65085 6498
-65079 5056
-65069 5776
-65066 4528
-65062 3888
-65061 6449
-65054 4855
-65049 4162
-65042 2545
-65038 2481
-65030 3806
-65028 5382
-65025 5048
-65022 5522
-65013 4492
-65010 2068
-65000 3508
-64993 3125
-64988 2194
-64982 3649
-64977 1816
-64975 3548
-64972 3746
-64967 1465
-64965 2895
-64963 2422
-64961 3308
-64957 3754
-64947 2199
-64945 1065
-64935 2132
-64930 125
149 5
38397 119
38398 120
38406 109
38414 119
38418 116
38425 42
38431 113
38437 93
38439 56
38446 122
38447 69
38449 129
38457 41
38460 39
38461 70
38467 79
38471 54
38479 56
38484 39
38492 85
38494 113
38496 63
38504 94
38510 39
38515 122
38519 124
38526 103
38535 34
38543 35
38544 83
38554 110
38558 60
38562 108
38569 60
38571 78
38578 53
38580 88
38581 31
38586 70
38587 84
38596 72
38604 85
38606 69
38607 77
38616 122
38626 58
38633 120
38637 87
38644 51
38653 51
38659 79
38662 56
38666 36
38673 52
38676 78
38678 70
38681 35
38689 121
38696 44
38701 109
38702 106
38706 105
38714 80
38724 111
38732 97
38739 114
38745 28
38754 52
38758 86
38767 64
38771 69
38781 48
38784 61
38793 81
38800 63
38805 73
38814 34
38819 56
38825 106
38832 37
38835 79
38843 36
38844 74
38852 71
38855 43
38862 60
38872 88
38875 30
38881 39
38891 48
38899 42
38909 105
38912 68
38919 58
38928 81
38933 36
38940 28
38950 95
38959 108
38964 28
38970 37
38980 44
38988 77
38995 65
39000 91
39007 69
39009 29
39011 79
39013 26
39017 36
39021 105
39022 89
39023 75
39032 48
39042 72
39046 53
39054 78
39063 46
39072 31
39074 52
39079 24
39087 59
39094 33
39095 44
39104 26
39112 33
39117 85
39119 101
39122 34
39130 67
39137 95
39145 28
39154 30
39156 83
39161 43
39162 89
39166 44
39172 69
39180 54
39187 19
39191 58
39201 58
39208 64
39215 27
39222 25
39232 29
39240 58
39250 10
39256 24
200 1000000
-100000 69
-99486 51
-98994 23
-97687 48
-97163 45
-97142 43
-94724 61
-94062 22
-93475 60
-93187 70
-92957 41
-92345 22
-90369 44
-88780 66
-88008 69
-87799 32
-86691 87
-86369 75
-84857 69
-84700 44
-83577 38
-82275 17
-81819 30
-81012 30
-80386 30
-79991 40
-76868 35
-74307 52
-74115 47
-74058 72
-73461 49
-73360 24
-73140 70
-71869 39
-71294 15
-71087 85
-70296 58
-68510 43
-66910 24
-66764 39
-65117 41
-63761 35
-62317 36
-61574 34
-60598 80
-60342 50
-59413 27
-58492 25
-58276 12
-56508 16
-53831 26
-53783 70
-53310 89
-52887 53
-52804 61
-52334 30
-52126 88
-51919 44
-51542 39
-49130 19
-47258 48
-47173 39
-46874 64
-46857 25
-45980 57
-44958 58
-44690 54
-43337 24
-43297 80
-41993 31
-41866 20
-41858 7
-40681 63
-36825 49
-35333 86
-32741 79
-29659 55
-29304 54
-28960 46
-27792 26
-26783 80
-26619 32
-25944 67
-22624 87
-22573 85
-22086 55
-18231 47
-17653 29
-15958 64
-14145 66
-13363 67
-11620 48
-8908 47
-8875 35
-8849 57
-7827 34
-7743 62
-7432 25
-7044 54
-4743 47
-4666 89
-4573 74
-4292 38
-3921 17
-3693 42
-1243 29
981 48
990 49
2342 89
2530 37
3622 66
3936 46
4036 31
4899 62
4983 76
6073 21
6742 51
7597 88
8429 28
8485 43
9435 52
10237 43
12152 59
13726 44
14288 22
16244 50
16404 19
17807 25
17850 68
18151 57
20538 74
22016 35
24093 51
24635 30
24834 36
26341 66
26776 45
27104 41
28545 74
29041 44
29650 16
30390 93
31011 43
31565 18
33491 70
34379 37
36583 14
40527 61
40832 32
41747 66
45034 95
45042 51
49740 51
50148 77
51732 35
52041 80
52588 40
53463 30
56996 26
57953 77
58766 66
58854 24
59852 78
61034 32
61795 48
61799 74
62554 29
65329 38
68023 34
68565 60
68953 37
69296 67
70735 32
72066 44
74560 51
74777 51
75073 36
78387 89
79648 66
81160 40
81525 44
81929 47
83308 99
83651 69
83843 83
83940 34
84094 34
84495 81
85635 55
89111 58
90239 54
91784 39
92164 88
92332 68
92959 53
93199 72
94547 87
95320 43
99351 58
100000 61
1 878814
-89214 8204
200 78
-98817 4
-98477 2
-98076 3
-96553 7
-96393 8
-93528 7
-92366 8
-92337 10
-90092 7
-88897 6
-88114 4
-87655 6
-83895 9
-82755 8
-81972 8
-81700 4
-81211 6
-79643 2
-78533 9
-76837 10
-75258 8
-75157 9
-75038 6
-74797 7
-73256 8
-73238 8
-72241 8
-72130 9
-70938 4
-68720 3
-67646 10
-67495 3
-66601 4
-63414 4
-62461 6
-62400 2
-62341 5
-60982 1
-60955 2
-59574 5
-59138 10
-57599 4
-57198 8
-57163 8
-55257 10
-54802 3
-54281 8
-54108 7
-53873 3
-53052 5
-52885 8
-52394 4
-51235 9
-49287 6
-49099 4
-48944 3
-47089 4
-46785 5
-46781 1
-46684 4
-46376 3
-45433 2
-45033 6
-44921 1
-43804 1
-43273 10
-40236 4
-39494 2
-39159 1
-39021 6
-38712 10
-37226 1
-35917 9
-35870 6
-33598 6
-29878 10
-29699 10
-29380 1
-27638 2
-26826 6
-22848 10
-22775 3
-20664 2
-18194 9
-17459 6
-17310 9
-16392 8
-16300 9
-16265 6
-15411 6
-15059 8
-14158 4
-13325 9
-12808 5
-12613 8
-11327 7
-8439 9
-8321 4
-7242 7
-4636 5
-3672 2
-2551 8
-234 4
731 6
2391 5
4613 5
6821 7
7534 2
11950 3
13151 8
13989 9
14799 9
14814 4
17442 8
20502 7
22216 4
22505 7
22550 10
22806 2
24196 3
25712 7
25908 9
26486 6
27916 1
28329 9
28899 8
29387 3
29397 8
29700 1
30134 10
31645 1
33912 9
37316 1
37949 10
38015 4
39011 9
40399 1
41725 4
43126 8
43417 6
43611 3
47034 4
47630 2
48248 5
49352 8
50551 3
51180 1
51619 6
52567 1
53086 2
53318 1
53967 8
57191 8
57832 2
58005 5
58580 2
60312 10
60763 4
61287 6
61941 5
62499 3
63520 2
63924 1
65719 6
65780 6
70491 9
70988 9
74023 9
74245 8
75289 3
77545 9
80419 3
80681 2
81009 10
82041 7
82262 4
83748 4
85612 4
86795 4
88403 9
88792 9
88937 8
89297 4
89579 7
90117 10
91037 7
91604 6
93249 7
93315 6
94247 7
94318 4
95892 3
96396 5
96479 6
97266 7
97475 10
98419 5
98648 6
98937 7
99706 3
200 44
-98982 48
-98836 12
-98755 49
-97832 36
-97510 8
-97359 27
-96811 8
-95862 26
-94551 39
-89876 38
-88888 36
-87453 3
-87372 32
-86572 23
-84582 22
-83930 7
-82316 48
-82141 17
-82095 13
-81081 21
-79444 6
-79366 5
-79175 3
-78253 34
-77665 42
-76419 33
-75884 46
-74836 1
-72216 24
-71808 39
-71243 35
-69007 17
-69006 17
-67897 28
-67206 37
-63496 2
-61331 50
-61214 8
-60883 39
-59011 43
-58977 13
-57893 6
-57457 14
-56717 40
-56167 30
-53213 33
-51076 24
-50347 48
-50042 34
-47811 22
-47726 26
-46317 13
-45434 32
-45372 28
-44228 12
-44203 49
-43148 49
-41081 36
-39971 11
-39450 1
-36544 6
-35587 8
-35537 34
-30209 22
-27652 31
-25963 40
-25008 19
-24817 34
-22351 25
-22318 19
-22190 35
-20367 13
-18980 22
-16607 46
-15684 29
-15188 27
-14219 33
-12615 16
-10773 40
-10746 36
-10552 33
-10357 29
-9759 28
-8910 2
-6847 27
-3088 39
-2491 40
-1354 47
-1312 5
-1293 46
-842 42
-630 20
1061 8
1385 41
1669 23
2130 21
2282 2
3470 7
3554 15
3647 32
5662 31
5724 3
8283 24
13953 32
15410 42
16190 16
16407 2
16617 8
17320 19
19294 10
19416 23
19601 47
20245 32
20461 4
21094 14
22118 40
22814 8
23508 15
23578 44
24487 14
24666 26
26083 20
26135 13
26592 38
28290 27
28942 25
30140 30
30189 27
33063 27
33660 11
37100 17
37342 39
37461 46
37564 10
37592 50
37868 26
40249 3
40659 3
41743 27
42833 49
43970 38
46330 4
47328 45
48511 30
51305 15
51557 16
51632 43
52989 7
54334 8
55761 29
56559 40
58585 35
59149 3
59295 8
60044 29
61165 32
62392 30
62454 35
62543 19
64817 50
67092 7
68150 18
68711 20
69052 41
69359 44
69753 37
70882 24
71911 27
74807 10
75286 7
76379 46
78073 3
78204 27
78645 3
79874 4
80717 34
84365 19
85672 13
85949 26
86504 19
86952 23
87589 4
87970 28
89301 26
89352 19
90222 24
90877 22
91831 41
92359 17
92728 49
93744 46
94253 32
94371 34
94607 6
94750 48
95196 28
95540 30
98086 17
98473 14
98886 45
200 160
-98452 10
-97650 10
-96555 1
-96255 4
-96186 5
-96129 4
-95968 9
-94699 10
-92474 10
-90921 5
-90002 10
-88996 2
-88504 7
-86735 5
-86199 4
-83309 3
-82358 7
-82340 2
-80522 10
-79519 5
-77728 4
-77556 7
-77514 3
-77072 10
-76974 7
-76390 1
-76321 6
-76183 7
-75024 5
-74750 1
-74619 6
-74232 4
-73775 5
-73715 8
-72619 4
-71562 9
-71544 1
-70896 10
-69742 3
-68252 7
-67436 4
-67174 8
-65512 1
-65480 4
-62949 8
-62130 6
-61688 9
-60319 4
-59960 7
-57848 10
-57625 6
-57497 6
-56606 4
-54024 1
-53168 7
-50459 8
-49794 8
-49556 4
-48268 8
-46697 8
-45940 2
-44825 10
-43020 5
-42641 8
-42290 6
-42102 3
-40588 6
-38758 9
-38650 7
-38472 8
-38140 10
-36236 8
-33291 1
-32738 10
-31156 9
-30834 6
-28162 1
-26588 4
-23892 10
-22039 8
-20751 10
-17006 9
-15180 1
-14813 7
-14664 1
-14547 4
-13700 2
-10073 1
-9367 4
-7056 1
-6413 9
-5720 7
-5152 3
-2478 6
-2452 5
-1656 8
-1233 6
-171 2
3344 7
3513 5
3516 7
4170 1
7262 4
9759 1
9988 4
10243 1
10852 8
10877 3
12498 1
12672 1
12680 4
13421 1
15951 8
17049 8
17161 3
18510 1
20583 5
20973 8
21818 3
21987 6
22298 2
23824 10
24334 7
24683 1
25132 1
26517 4
26794 3
28975 6
31739 10
33914 6
34336 9
34474 3
35142 8
35527 4
35786 2
36832 9
37024 10
37282 6
40301 1
40819 7
41536 10
43852 8
43926 7
44177 6
44531 10
45013 10
46141 8
46285 5
47483 5
48329 8
50665 9
51731 3
51953 8
53207 6
54228 6
54980 3
55119 3
55203 1
57932 7
58613 7
59468 8
59764 5
60826 7
60867 9
61958 9
62717 3
63449 5
64142 9
64587 4
67194 4
68325 9
69041 8
69375 9
70181 3
71489 5
72985 2
75267 4
78674 6
78955 9
81896 7
83244 5
83288 10
83565 5
83721 5
83931 7
85143 1
87612 9
88199 9
88808 8
92282 6
92511 4
94419 6
95520 8
96615 3
96673 9
96943 9
97161 9
97175 5
98405 9
98561 2
181 5
-40286 167
-40269 100
-40249 75
-40223 142
-40212 109
-40192 118
-40175 140
-40173 63
-40143 152
-40132 116
-40110 146
-40093 133
-40077 132
-40063 62
-40038 135
-40028 96
-40023 94
-40008 190
-40006 158
-39989 159
-39978 81
-39966 87
-39946 50
-39935 147
-39910 144
-39908 72
-39898 163
-39869 155
-39868 160
-39854 149
-39837 123
-39819 149
-39817 55
-39810 157
-39784 140
-39756 137
-39752 89
-39734 141
-39728 141
-39724 109
-39721 133
-39691 102
-39683 99
-39654 72
-39653 114
-39637 114
-39618 149
-39588 114
-39578 37
-39549 78
-39545 98
-39519 77
-39500 67
-39471 43
-39469 76
-39462 133
-39440 98
-39410 74
-39407 89
-39387 107
-39363 55
-39351 59
-39338 106
-39331 43
-39301 70
-39282 128
-39259 49
-39258 84
-39232 127
-39206 131
-39191 75
-39183 69
-39153 53
-39135 46
-39116 117
-39089 34
-39064 122
-39057 119
-39055 33
-39034 117
-39016 110
-38991 71
-38968 38
-38956 81
-38941 90
-38920 70
-38898 24
-38879 20
-38852 68
-38845 17
-38840 61
-38822 13
78419 13
78447 12
78453 5
78470 18
78489 12
78505 10
78532 12
78544 16
78553 14
78555 12
78577 8
78604 5
78623 14
78625 18
78652 16
78666 15
78670 7
78698 5
78711 7
78727 18
78743 12
78768 15
78772 17
78787 8
78810 11
78829 17
78849 18
78873 15
78891 14
78914 11
78920 7
78930 4
78931 16
78941 9
78954 9
78982 17
78985 8
78987 15
79008 5
79010 11
79025 13
79043 10
79048 4
79052 9
79080 16
79099 4
79115 15
79118 11
79145 4
79158 9
79180 12
79208 9
79233 6
79254 13
79260 12
79271 12
79283 5
79300 15
79301 8
79330 6
79360 10
79382 9
79403 8
79417 13
79445 9
79462 3
79483 11
79495 9
79500 8
79513 11
79538 5
79561 6
79565 10
79571 3
79583 10
79606 11
79611 6
79628 10
79658 5
79662 9
79673 4
79681 3
79700 11
79729 4
79742 5
79767 11
79784 2
79811 5
79820 4
200 70175
-100000 6869
-97584 6254
-97518 4403
-97386 3787
-96462 3117
-94061 4297
-93829 7573
-93043 7105
-92830 3162
-91996 4529
-91930 4303
-91648 8725
-91047 9323
-90397 3271
-89959 7123
-88387 8227
-88102 2850
-87439 7865
-83811 6473
-83047 2158
-81370 7767
-81233 7667
-76719 5168
-76317 1844
-75391 5752
-74739 7029
-73940 2914
-73627 6151
-70907 2945
-68451 5942
-67965 2519
-67513 7776
-66931 4853
-66275 5827
-65213 7397
-59056 4066
-56234 2122
-53545 1145
-51835 6394
-49041 2127
-48976 4267
-48381 3400
-44850 2458
-44745 5096
-44206 9026
-43915 5888
-42624 3937
-42040 8902
-40518 3138
-39284 5475
-39021 5151
-37262 5118
-36839 3707
-34638 7400
-33820 7738
-33305 3825
-33091 3249
-32828 6605
-32303 4551
-31138 6617
-29467 8973
-27828 4841
-26539 5228
-25320 3238
-22734 4253
-21608 4947
-20880 1711
-20524 6229
-19619 6442
-19353 4835
-17341 2247
-17170 4537
-16716 7572
-16469 5017
-13085 6082
-12880 6168
-11490 3356
-11377 2759
-10835 7945
-8434 5385
-7949 1577
-7910 4436
-7768 6935
-7359 4738
-6621 7482
-6366 4153
-4770 7332
-3158 7954
-2388 8194
-1551 7063
11 4072
1447 5420
3254 8056
3415 4122
3620 2133
5696 5357
6301 2933
6364 9103
6766 4140
7344 2214
8647 4794
12628 6020
12861 2602
13101 5672
13120 3962
14175 1689
14380 5289
14469 8033
15067 6400
15107 6844
16031 2872
18055 4493
18884 3034
23264 6374
23808 3684
23994 6274
24800 4008
25114 2721
25497 2366
27594 7966
28940 3593
29491 3020
31323 4353
31350 3084
31540 3823
31714 3291
31851 4417
32036 4720
32282 7056
32622 4901
32637 2868
32722 5674
34536 1202
34775 1384
35149 7862
39998 5645
41916 7420
42270 6041
43213 3892
43222 3362
44144 3257
44382 7680
44485 3035
44490 6259
44492 4355
44680 5314
46970 3452
49339 6874
49371 5316
50289 2802
51450 6783
55559 4568
57825 8034
59940 2575
61177 2047
62826 2603
64468 8489
65080 8300
65219 3281
66340 3008
68300 3878
68796 7051
69666 5353
70139 7344
70470 2106
71226 2708
72056 4575
73560 4123
73641 2560
75218 3416
76041 3421
76576 4647
77057 3218
79056 8454
79416 7304
81495 5449
82618 2341
83044 7618
83994 3217
84077 8328
86931 5647
87546 7580
87554 2249
88400 7229
88419 7220
88548 6777
89081 7445
92363 6712
92731 3214
93705 2849
94216 2191
95972 6828
96279 6913
97540 3315
97544 5990
98988 2092
99112 1977
99543 2414
99717 4265
100000 5699
200 10
-100000 62
-98198 27
-97985 71
-97318 47
-95422 41
-91344 69
-90966 51
-90352 19
-87146 78
-87098 29
-86193 46
-85481 38
-85282 34
-83658 25
-83401 22
-82817 82
-82726 59
-82004 55
-81014 60
-79532 70
-78669 19
-78553 27
-78218 12
-78034 38
-77878 24
-76675 80
-76174 77
-72824 39
-72044 47
-67413 77
-67265 55
-67052 29
-66973 60
-66763 26
-65053 40
-64321 16
-63329 27
-61758 56
-58765 74
-57684 67
-56796 47
-52226 44
-50975 78
-50301 25
-49559 44
-49527 44
-49228 84
-47559 40
-46742 26
-46454 48
-45811 55
-45313 39
-44952 27
-41518 25
-40574 68
-40300 53
-37538 28
-35898 50
-34159 33
-30665 52
-28951 67
-27974 62
-27744 26
-27235 29
-26543 51
-25370 56
-25159 21
-22415 56
-22110 42
-21737 41
-20616 72
-20316 66
-19893 63
-18462 38
-17815 48
-17032 62
-16205 52
-15243 53
-14942 50
-13320 49
-12637 37
-12231 32
-11570 55
-10384 64
-10271 34
-8037 35
-5017 68
-4525 81
-3378 18
-3002 75
-1048 74
-571 67
178 34
1046 59
3784 68
4795 87
7403 18
8119 29
9181 81
9510 89
10930 54
12710 34
14159 25
15472 28
16208 33
16368 47
17509 16
17574 16
17988 67
18465 72
18596 68
19278 50
19770 39
20258 77
20884 67
22723 28
24675 68
24738 34
28023 28
28834 92
28975 8
29296 75
30506 83
30716 44
31464 39
31475 58
32306 31
32853 20
32934 69
33634 49
33920 50
34035 32
35905 15
36696 50
37177 75
37346 66
37570 92
37722 25
38379 75
40486 30
41894 43
43891 56
45350 56
47037 46
47532 48
47840 83
49730 34
51400 33
51787 53
51996 31
52426 31
52809 36
53188 31
53397 30
53758 34
54642 55
55840 36
55964 70
57090 50
61781 89
63798 85
64427 43
65232 64
65688 22
66253 25
66972 77
67373 49
68155 50
68224 91
69444 66
69889 49
71312 50
72270 22
72509 33
73732 37
77554 93
78873 74
79345 37
79691 87
79945 69
81312 38
82360 95
83954 31
84788 83
84832 59
87025 68
87049 49
87256 20
87951 43
88221 51
88246 32
89277 58
89865 66
90345 57
93104 38
94518 69
95615 58
95976 20
98966 76
100000 98
19 1
51905 964
51910 282
51915 872
51917 603
51924 342
51931 625
51939 754
51948 771
51957 555
51967 362
51969 706
51978 290
51983 277
51987 656
51992 689
52001 525
52004 207
52013 196
52021 250
46 10
-98815 195
-98118 164
-94398 201
-93925 298
-91602 134
-87546 92
-85625 287
-84837 356
-63611 325
-50800 189
-50500 142
-44069 38
-43608 176
-31956 347
-29822 144
-22254 412
-21685 161
-18966 249
-18319 121
-16522 187
-13768 167
-10723 261
-9534 140
-6026 112
-4669 233
-2000 125
7781 224
15584 379
24681 237
31867 302
39999 198
41304 131
41838 155
44525 367
46631 145
47094 271
49461 299
54790 105
67180 282
67675 354
87265 116
87774 217
92005 133
92335 240
95666 207
98221 359
27 5
-83411 350
-83410 628
-83405 281
-83404 712
-83403 216
-83395 644
-83393 586
-83383 591
-83373 297
-83369 555
-83367 290
-83357 411
-83348 435
-83340 419
-83330 480
-83324 143
-83319 389
-83312 451
-83311 371
-83303 288
-83301 140
-83300 302
-83296 316
-83293 140
-83283 344
-83273 215
-83272 5
52 5
-98415 1
-94029 1
-88289 1
-80630 1
-77885 1
-76274 1
-76210 1
-74117 1
-72531 1
-69911 1
-61728 1
-58754 1
-58376 1
-50660 1
-46569 1
-46220 1
-41837 1
-38025 1
-30066 1
-23646 1
-20719 1
-13505 1
-12055 1
-10588 1
-5632 1
-4119 1
-3341 1
7872 1
12756 1
13054 1
15834 1
19504 1
22902 1
25475 1
25618 1
34316 1
38416 1
51778 1
53302 1
57081 1
58281 1
74341 1
75349 1
82988 1
85277 1
87266 1
88084 1
92920 1
97284 1
97796 1
98143 1
98744 1
200 81864
-100000 5114
-98593 2242
-97875 6286
-96814 2500
-95320 2458
-92864 4734
-90934 3211
-90805 5582
-87794 6612
-87455 2410
-86808 7782
-86536 5610
-85542 2210
-85481 6151
-85219 4681
-85198 5388
-84779 7059
-84655 3338
-82812 1895
-75437 8958
-75334 2486
-74441 5150
-73355 5644
-73104 4202
-70808 7151
-68476 7150
-66281 7377
-65316 4833
-65178 1545
-64501 2876
-64111 4363
-63637 5305
-63226 5593
-62847 7499
-62808 6810
-61734 5754
-61030 5274
-59805 7814
-58707 3809
-55497 8211
-52853 6166
-52125 7037
-51501 2603
-50821 3292
-50416 6877
-49369 4359
-48547 5931
-48500 3863
-46077 4318
-43386 3372
-42834 6549
-42674 3910
-41365 8945
-41167 5747
-40605 6828
-39912 3925
-39550 5996
-38537 6991
-34588 4839
-33778 4313
-33349 3825
-32663 7534
-31694 2567
-31561 2338
-30969 5904
-29689 7463
-29451 3507
-26507 6343
-26454 5421
-25934 3886
-25216 8870
-24917 6942
-24754 3013
-24699 2410
-24048 4365
-23768 7512
-20211 2082
-19248 2748
-19020 1935
-18561 4404
-18305 3561
-17047 6090
-15779 2853
-15775 4784
-14504 2695
-13193 5375
-13154 9185
-11453 7979
-10943 3333
-8533 2241
-8009 3623
-5184 3239
-3831 5521
-3234 2359
-3109 4349
-1652 4246
-931 7982
-511 2816
498 7623
1290 5798
2230 7105
2461 6695
2674 6492
3498 4290
6804 2903
8040 3888
8718 2041
8885 4836
9093 8631
9300 5960
11501 2399
11734 4152
11768 4754
12291 5644
12541 2875
13478 5572
13831 4884
14411 2415
15205 2811
15665 4389
15982 6446
16458 3417
17295 2770
20720 8968
21642 9099
24521 7717
24833 1374
25030 7956
25200 3961
25989 912
26264 3396
26390 1625
26687 2677
28532 6277
29658 1992
31184 2435
31421 4881
31962 2397
33426 7883
33785 2764
35595 2287
36766 4692
37024 9127
37337 2752
38046 7133
39091 5772
39514 2105
40402 4051
41770 5742
42182 3938
44474 4698
44603 2686
44953 5590
46879 7150
47401 7552
48288 4088
48890 8307
49627 4765
49735 5552
50240 7804
53947 6205
55302 8737
55736 5355
55906 3669
59730 3639
62298 6893
64777 2854
65658 3769
66605 4549
66962 3249
67731 2272
67739 9101
67870 3737
68312 8195
68524 7772
71662 5831
72599 6847
73453 6965
73985 3209
74759 7039
76884 3634
77503 8835
77950 4472
79063 7265
79279 5106
79878 2341
81794 5527
81987 5803
82923 4140
83225 7592
85080 6140
85932 3932
87289 9718
87948 3795
90337 3693
90468 2794
91372 7153
92649 3567
99375 5257
100000 4226
20 3
-91899 1
-85209 1
-84940 1
-83844 1
-58240 1
-40004 1
-23052 1
-11678 1
-6100 1
-4962 1
-4935 1
-2869 1
11240 1
24390 1
42154 1
53518 1
56665 1
67936 1
74476 1
80615 1
200 94
-99950 3
-99772 9
-99732 1
-98030 10
-97997 4
-96056 8
-95668 8
-95235 2
-91658 9
-90103 1
-90102 7
-86821 7
-86044 10
-86037 4
-85154 2
-84240 3
-83588 10
-81784 8
-81285 1
-80722 5
-77980 9
-76496 8
-76414 10
-76038 10
-73582 1
-71906 6
-70154 4
-68878 5
-68673 4
-68529 6
-68520 10
-66792 3
-66181 10
-65800 1
-65674 8
-65232 7
-65132 9
-64942 8
-64498 6
-63000 8
-61606 7
-61127 8
-60165 9
-59067 8
-56499 4
-56386 9
-56287 4
-54984 5
-53914 4
-53477 7
-53204 4
-50643 8
-50317 3
-49696 1
-49066 4
-48982 8
-48063 3
-45880 4
-45350 7
-42496 6
-40756 7
-39901 5
-38489 8
-35215 7
-34215 8
-31319 3
-29183 1
-28965 4
-28430 9
-27322 3
-24612 4
-23917 3
-23124 7
-22359 10
-22062 1
-21343 6
-19614 3
-19158 1
-17987 3
-16116 2
-15632 5
-15240 2
-14930 8
-12039 10
-11653 1
-11036 7
-10656 6
-9306 3
-6967 7
-6575 6
-5033 10
-4116 7
-2873 3
-154 4
-27 6
645 5
1081 3
1670 7
2370 5
2651 7
4133 10
4974 10
5819 4
6387 8
7077 7
7547 9
7711 4
8316 3
11657 4
11789 1
12326 5
12626 2
13607 8
14119 9
14176 7
14640 9
14821 8
14986 5
15075 4
16536 5
17366 7
18223 10
18309 10
18664 7
22555 10
23836 5
23843 9
26575 3
26885 6
27202 9
27593 9
31059 2
31074 7
32978 1
34079 1
36266 3
38489 9
39869 8
39992 8
41368 2
41765 6
42440 3
43414 6
43780 1
44932 8
45187 7
45624 8
46050 4
48769 7
49866 3
51181 2
51571 6
56485 1
56969 10
57297 1
57325 7
58018 1
60823 3
61780 8
62278 10
63199 6
64335 5
66695 7
66787 6
67246 5
67694 4
68469 6
68981 5
69028 5
69888 7
71104 9
73347 5
74144 6
74303 6
76290 2
76599 9
77768 3
80440 9
80757 4
81206 4
82578 5
86024 5
87127 9
88197 9
88254 7
89467 10
90139 1
90515 3
90661 4
90675 10
93535 7
93972 4
94411 5
95396 9
95643 10
96338 8
97289 10
97973 8
99669 4
99834 5
164 1
-164 28
-163 71
-162 82
-161 32
-158 68
-157 63
-156 90
-154 107
-153 50
-150 43
-147 40
-146 38
-145 79
-144 86
-143 79
-142 99
-141 49
-140 62
-138 53
-136 52
-133 40
-132 33
-129 69
-128 34
-126 68
-120 49
-112 68
-111 105
-110 49
-109 43
-108 22
-106 85
-104 53
-103 50
-99 74
-98 40
-97 32
-95 1
-92 50
-90 98
-89 37
-80 85
-75 47
-70 43
-69 61
-67 76
-65 37
-63 18
-62 21
-60 42
-57 99
-54 94
-52 64
-49 49
-48 15
-47 63
-45 63
-44 85
-42 59
-38 101
-35 59
-31 67
-30 65
-29 72
-27 84
-26 47
-25 29
-23 49
-21 35
-20 37
-18 88
-16 73
-12 83
-11 105
-4 47
-3 45
-1 84
0 71
1 47
3 39
4 42
6 41
7 27
8 55
10 59
12 86
14 51
15 79
20 58
25 30
26 39
28 45
30 75
31 119
33 73
34 82
35 105
36 54
39 60
40 92
46 55
47 83
49 40
58 54
59 108
61 86
62 37
63 71
64 52
65 72
67 9
73 32
77 74
78 102
79 70
80 63
81 44
82 100
85 80
86 31
87 26
88 37
91 85
93 83
101 37
103 59
106 95
107 40
109 60
110 64
111 43
112 43
116 56
117 22
120 48
121 65
122 93
124 59
125 37
126 24
128 96
129 78
130 60
131 54
132 67
133 88
134 49
135 91
136 96
138 73
140 74
142 46
145 112
147 67
148 64
149 50
151 60
152 28
154 89
157 79
158 58
161 81
162 51
163 59
93 4
-360 96
-346 179
-338 176
-336 109
-335 131
-334 82
-332 130
-329 109
-310 150
-303 107
-302 199
-295 192
-287 77
-286 91
-283 78
-279 152
-269 114
-264 168
-262 207
-261 71
-260 48
-258 88
-257 109
-253 151
-251 142
-249 117
-224 125
-210 111
-202 60
-198 77
-197 128
-189 121
-176 41
-166 46
-145 145
-128 76
-121 42
-120 164
-107 149
-76 49
-66 70
-59 152
-58 110
-51 84
-46 66
-43 66
-9 110
-3 103
3 181
30 70
76 112
77 87
91 72
92 73
96 215
110 44
120 52
124 93
127 83
128 206
139 108
146 56
149 121
162 140
165 63
167 105
184 132
186 115
190 77
196 82
214 117
230 98
236 142
242 181
256 118
257 149
262 80
272 115
279 115
295 33
302 187
303 139
318 102
323 87
332 17
340 71
342 87
353 73
355 99
359 60
364 71
370 140
372 63
132 1
-98654 6622
-97789 5063
-95800 4193
-95174 7294
-92631 6099
-91105 7093
-89085 4434
-88093 7653
-87013 13887
-84502 9783
-83022 1667
-82474 6450
-81339 10614
-79415 11116
-76550 9812
-75126 9034
-73390 3508
-73080 1542
-72085 4656
-71965 6179
-68802 9630
-68603 13471
-67680 10119
-65887 2404
-65174 6633
-63050 2656
-57323 8292
-56755 6730
-55395 7646
-54800 7619
-54757 6397
-54184 10278
-53600 9229
-52856 12814
-49771 13007
-48806 5170
-48241 10495
-48110 5873
-45873 4390
-45725 10482
-45089 11453
-44167 1909
-41371 12008
-38379 6343
-37592 3137
-35137 10601
-33252 8757
-27792 5870
-26006 4607
-23920 12491
-23367 2108
-22495 6480
-22075 7827
-21394 8937
-20715 8058
-20651 8666
-20214 4463
-17085 8061
-16603 6202
-15411 13949
-15401 7982
-15071 3331
-14276 11345
-13101 6320
-10820 4065
-7041 14212
-4679 9897
-4124 9949
39 7739
806 4419
3231 9691
4202 8160
4237 6955
5136 12014
11683 5433
16049 1898
17046 5488
19397 10767
19859 1958
21702 5552
22011 13913
22825 12123
23498 8486
27803 9647
31690 4915
33448 12456
33503 8528
33511 11901
34327 12961
37715 7315
37769 4450
40818 3545
41118 7064
42181 2464
42898 6986
44605 3852
45570 11182
47815 4242
56534 4308
57418 9210
57632 6327
60739 6565
60960 6309
61693 8124
62455 5282
64916 9787
66343 5870
66620 10878
67376 4243
69826 12430
69919 11018
72441 3910
72875 4285
74402 6883
77891 7799
78583 5361
80302 10091
81166 6044
83426 7154
85736 6838
88853 8514
89112 9422
89345 2630
90532 9656
91292 2632
92866 11978
93106 11601
94053 6964
94298 8190
97238 4981
97805 10015
99751 9449
133 4
-530 19
-519 86
-515 103
-511 47
-498 101
-462 111
-451 20
-449 72
-445 89
-435 77
-430 70
-422 122
-421 82
-416 35
-396 118
-394 105
-380 51
-378 113
-374 54
-367 37
-348 133
-342 43
-335 55
-325 145
-322 122
-319 37
-309 94
-302 38
-301 29
-297 91
-275 109
-264 47
-239 61
-235 100
-229 63
-214 75
-213 75
-209 48
-200 63
-172 99
-164 43
-153 86
-150 100
-147 54
-144 44
-140 68
-135 133
-134 57
-106 51
-76 38
-75 111
-71 88
-65 101
-59 120
-56 108
-51 30
-45 85
-39 67
-32 95
-28 19
-22 47
-18 63
-17 73
-13 128
-6 70
3 91
8 87
11 136
15 96
21 39
22 53
28 51
30 93
43 98
51 84
81 121
87 101
97 110
103 100
104 17
107 129
131 62
135 52
139 106
140 54
149 129
168 91
177 36
185 33
192 39
196 60
205 116
206 68
207 53
220 101
230 78
234 86
238 149
247 42
256 122
265 71
275 101
314 103
316 86
337 64
343 42
353 48
355 17
366 17
369 32
384 46
385 32
402 38
404 104
408 37
409 92
415 91
418 120
427 38
430 24
431 53
434 105
448 98
450 63
465 93
466 70
468 79
482 58
490 78
507 86
511 36
518 68
519 102
89 6
-95276 82
-94822 67
-93925 80
-89392 186
-88367 143
-86307 113
-83463 79
-79803 155
-76256 41
-75803 160
-72531 107
-70905 120
-69337 58
-68183 54
-67266 91
-66786 170
-63204 142
-62754 135
-60600 63
-58863 164
-55692 90
-54811 175
-54779 139
-54229 88
-51670 99
-48413 86
-46990 80
-44557 78
-42394 142
-34056 139
-13111 143
-9841 36
-9546 107
-7427 55
-6915 97
-186 154
136 153
1726 203
3646 15
6353 124
7037 115
7477 116
8079 77
8785 78
9216 117
13296 159
13425 183
16847 66
20604 137
21823 87
23053 155
23477 63
26593 60
26637 46
28591 108
28986 172
32799 134
37022 68
41367 89
43294 149
45577 75
46161 47
47238 100
47497 56
49325 65
52314 134
52530 24
52864 134
56156 64
57361 115
58753 178
59469 113
64661 93
67121 54
69002 132
70095 207
71355 67
72595 85
74181 188
74223 181
75378 70
76642 199
84794 62
87159 161
88046 153
93700 182
94050 138
97502 119
98064 191
83 5
-415 53
-414 90
-400 197
-397 186
-396 159
-388 58
-387 165
-373 96
-364 159
-359 74
-344 60
-333 226
-318 113
-314 65
-264 199
-247 205
-224 77
-219 171
-218 192
-206 122
-196 59
-182 114
-174 94
-163 128
-157 150
-145 92
-143 140
-137 53
-120 54
-115 69
-114 127
-110 215
-96 92
-88 117
-86 84
-77 58
-76 83
-63 97
-62 83
-57 78
-41 203
-35 125
-18 164
-15 187
-13 70
24 88
29 129
34 134
35 108
49 138
56 139
85 155
97 130
100 156
169 158
206 85
216 128
221 178
231 72
237 64
240 171
244 129
250 157
251 43
255 142
277 82
280 64
301 67
316 190
318 133
322 88
324 173
325 153
333 104
360 52
373 74
380 2
386 96
405 221
406 198
408 223
410 70
413 103
109 6
-97764 134
-93843 134
-91590 109
-89888 71
-89659 67
-87818 56
-86418 89
-86151 92
-85168 131
-84159 108
-84080 106
-79255 147
-78630 95
-76700 133
-76119 88
-75620 93
-73913 132
-68001 101
-67048 106
-65464 88
-64911 147
-63797 84
-63044 45
-60925 113
-59834 71
-58094 94
-57996 64
-57612 123
-57217 114
-56743 21
-54503 90
-45114 101
-44836 74
-43251 62
-43088 54
-42433 55
-40241 137
-38504 103
-32075 70
-28185 152
-20654 144
-19340 23
-18742 59
-14340 51
-13850 83
-13649 174
-12942 86
-11425 144
-7356 70
-2488 125
-1833 144
1057 75
4786 65
5111 91
6179 61
6672 25
7012 158
7366 49
10374 74
12055 87
12823 70
13488 45
17412 30
18405 167
20666 61
21135 117
23766 150
25315 91
26225 139
26470 143
28095 77
33080 56
36225 125
38206 28
40725 57
42265 127
42673 147
42697 41
42997 39
43951 38
46850 44
47670 37
47835 53
50764 65
54412 50
55454 161
55485 59
57338 118
60191 109
64885 53
64971 49
68158 110
68202 119
69131 78
70981 42
79273 141
79599 101
79994 126
82326 67
85310 151
86945 76
88739 113
90690 129
91951 36
92448 108
92801 107
94200 62
96300 97
99662 139
197 9
-99614 1
-98618 1
-93771 1
-93578 1
-91233 1
-90671 1
-87924 1
-86772 1
-86229 1
-85874 1
-85850 1
-83856 1
-83436 1
-82704 1
-80956 1
-80334 1
-78812 1
-78045 1
-76960 1
-76360 1
-76123 1
-75379 1
-72890 1
-71919 1
-68973 1
-65166 1
-64870 1
-64850 1
-62741 1
-62533 1
-60467 1
-60420 1
-56920 1
-54101 1
-54099 1
-53394 1
-53135 1
-52306 1
-52090 1
-52023 1
-51671 1
-50776 1
-49748 1
-48153 1
-47777 1
-46597 1
-42922 1
-42770 1
-40175 1
-39241 1
-38835 1
-37591 1
-36626 1
-36097 1
-36084 1
-35563 1
-35471 1
-35019 1
-34456 1
-31596 1
-30824 1
-30421 1
-28469 1
-28129 1
-27856 1
-26467 1
-26253 1
-25909 1
-25231 1
-23810 1
-23193 1
-21934 1
-19638 1
-19605 1
-17921 1
-16139 1
-13309 1
-11447 1
-11118 1
-7754 1
-7390 1
-6021 1
-5901 1
-5479 1
-4475 1
-3607 1
-3584 1
-3466 1
-2926 1
-2571 1
-2426 1
55 1
643 1
801 1
1574 1
2066 1
3565 1
4026 1
4272 1
4894 1
5917 1
6219 1
6395 1
6461 1
6605 1
7065 1
7601 1
9078 1
9175 1
9274 1
9312 1
10130 1
10557 1
11749 1
15162 1
17438 1
17616 1
18848 1
19536 1
19859 1
19998 1
20233 1
21730 1
22567 1
25630 1
27070 1
28086 1
28635 1
28942 1
30266 1
31026 1
31793 1
31983 1
32626 1
32726 1
34542 1
34612 1
35076 1
38627 1
38871 1
40309 1
41612 1
41734 1
42620 1
44806 1
44860 1
46647 1
46808 1
47967 1
48596 1
49463 1
50953 1
58098 1
58960 1
59521 1
61875 1
66780 1
67514 1
67835 1
68153 1
68376 1
68516 1
68556 1
69024 1
69435 1
69669 1
70168 1
71549 1
72202 1
72737 1
73979 1
74237 1
74600 1
75019 1
76398 1
76925 1
77455 1
77653 1
78934 1
80297 1
82801 1
84032 1
84808 1
86357 1
86661 1
88302 1
88934 1
91117 1
91590 1
95658 1
97319 1
97602 1
98360 1
98580 1
98848 1
99323 1
99527 1
200 9
-100000 8659
-99192 5925
-98524 5719
-98234 5680
-97816 3165
-94542 3962
-93941 6538
-92759 6765
-91499 2627
-90657 9695
-89899 2381
-89660 7006
-88605 6651
-85351 7919
-84486 1957
-84334 8188
-83531 1466
-83356 5788
-81318 899
-80738 6744
-78423 5132
-78201 8776
-78033 4094
-77251 6309
-74667 3843
-72219 4100
-71956 4521
-69104 7063
-67629 4029
-66944 4216
-62836 4768
-61156 6202
-58891 5265
-58695 2505
-57406 5546
-56632 8695
-56132 2255
-54794 5044
-53390 4263
-53263 2692
-52910 4101
-52722 5526
-51505 7446
-49501 5137
-48940 2721
-46082 2688
-45046 2667
-42383 3406
-41450 4235
-38150 3133
-37524 3532
-36922 1650
-36920 4141
-35445 6979
-35333 4638
-33214 5212
-30173 3678
-29819 3838
-28927 6238
-28371 3688
-26102 6189
-25262 5765
-24671 2774
-24609 8137
-24375 8225
-21994 4508
-20119 2816
-19898 7960
-16275 3387
-15790 2574
-15716 7034
-14712 3456
-14580 9036
-12730 3586
-11652 7026
-11293 4151
-10594 5350
-10486 3066
-9356 8180
-6796 2468
-4746 2875
-4423 7105
-2838 2998
-900 5906
-639 7064
1346 2136
2540 3515
3320 5548
3665 2741
4521 6587
4652 9047
5008 3678
5233 5619
5802 8096
7737 3084
8388 4073
8497 4370
8505 4898
8592 5046
9483 6349
9558 5540
10135 8983
10160 5191
10413 5190
11350 3792
12572 5023
12698 3431
13520 3012
14074 8362
14190 8485
14866 6468
15544 1737
15559 1738
16288 4445
16646 7374
17123 3690
17502 6155
17926 4548
18723 5307
22741 8747
22764 3385
24607 8508
24803 2465
24828 6907
25469 3573
27354 7079
27442 6537
28258 2112
28879 3789
32285 1911
32898 2557
35111 5222
36184 2832
36546 7075
37000 2704
37036 2299
38583 7406
39450 5866
40301 3309
40501 4476
42286 8242
43275 6514
46522 4991
46930 7666
47176 1931
48890 3692
50546 4739
50597 2650
51610 6164
52896 5415
52918 4481
55764 8064
56909 2946
57698 8945
57812 2582
60939 4999
61823 4922
64234 5401
65344 4323
65746 7692
66255 5381
67739 268
67954 3353
69764 3053
70145 8175
70258 8147
70964 4317
71703 5524
71799 4907
72707 3529
73797 3590
74493 5116
75550 8960
75883 4183
76119 7732
76891 2797
79788 5097
83516 6507
84234 4035
86009 4320
88615 3026
89838 2436
90268 5153
90970 7227
91350 4733
91892 7692
93283 4587
93573 7408
93771 7805
93860 6072
95273 6499
95998 3941
96922 5350
97001 845
97988 2864
98375 1370
98640 1704
98897 7787
99393 5796
100000 6996
139 4
45753 4557
45761 12610
45766 10389
45769 4614
45775 9991
45785 11704
45788 12221
45794 10279
45798 4961
45801 6079
45806 10508
45813 3595
45814 7532
45816 12333
45825 8475
45828 8965
45830 10611
45834 9417
45843 12758
45846 9234
45852 7901
45853 5244
45854 13481
45856 5370
45862 11387
45870 4327
45876 6954
45882 6569
45891 13196
45901 8714
45909 7879
45912 12901
45915 4293
45923 8023
45926 6242
45933 12075
45935 11053
45941 6151
45947 11756
45955 9368
45960 11118
45963 8036
45973 8013
45982 7136
45990 7224
45997 8884
46001 5923
46006 8444
46012 9484
46013 3382
46015 9210
46023 11895
46030 8973
46038 11951
46042 9387
46047 9095
46050 10777
46051 5879
46059 11493
46061 7095
46064 9231
46066 10357
46067 3482
46074 11704
46084 8632
46092 11290
46098 5803
46105 7622
46107 5034
46113 8989
46118 11133
46124 6430
46125 4533
46126 4220
46133 10484
46139 10175
46143 7804
46150 9088
46155 2867
46158 5153
46160 10703
46169 8914
46177 5051
46179 8708
46183 9222
46189 3031
46193 8775
46202 3415
46209 6612
46213 7615
46218 5172
46223 5254
46231 3865
46234 5058
46242 3179
46250 7832
46258 2670
46267 8006
46271 7248
46276 6223
46278 9781
46286 9295
46287 4644
46297 4954
46307 3606
46312 4306
46316 3424
46320 4989
46322 5954
46327 3403
46332 6847
46342 4562
46352 8523
46358 6383
46361 5886
46364 3415
46366 8316
46376 7723
46377 7052
46381 3477
46385 5512
46388 5773
46397 5713
46407 6897
46413 2453
46414 5163
46422 2582
46426 3336
46429 3706
46433 4105
46436 5346
46446 5403
46454 3892
46464 1466
46473 1769
46482 3567
46485 2415
46487 4788
46488 1661
200 10
-98603 40
-97025 225
-96004 114
-94879 185
-92739 89
-92469 36
-91111 226
-90469 226
-90386 218
-89691 9
-88316 233
-86998 137
-85649 14
-85576 145
-81451 17
-81370 97
-79513 224
-79452 119
-78580 103
-77569 109
-75456 147
-74636 102
-73318 89
-71835 154
-70422 40
-68105 204
-67048 70
-65154 106
-64918 74
-64001 43
-62661 131
-60085 99
-58684 61
-58336 43
-56899 223
-56759 206
-56199 248
-54009 94
-53066 88
-52944 95
-51536 11
-51172 104
-50931 92
-49284 118
-49082 208
-48347 106
-47132 2
-44597 43
-43826 22
-42189 225
-39754 189
-39470 113
-38952 190
-37449 123
-36660 55
-33646 7
-32810 117
-32044 201
-31996 68
-31775 224
-30797 181
-30494 66
-29759 134
-28835 244
-28005 147
-27962 250
-27824 101
-27789 123
-27389 22
-22814 67
-21964 64
-21826 95
-21313 34
-18452 239
-17345 67
-14284 181
-13727 244
-11662 31
-10980 58
-9770 133
-9127 195
-6437 242
-6406 96
-5898 186
-5887 211
-5576 147
-4378 29
-4314 157
-2772 240
-2014 117
-1934 60
-1030 6
-646 145
169 179
727 13
951 7
2108 44
2944 103
4844 214
5581 211
7120 143
9152 151
10183 200
10360 85
11540 53
14316 198
14616 249
15887 164
16737 91
17128 197
19296 106
19467 14
20128 53
20303 95
21607 6
22134 144
22848 13
23904 171
24392 203
25811 2
27556 58
27701 219
28123 106
28479 153
30352 178
30462 2
33781 153
35611 239
36066 233
36106 74
37402 239
39488 238
39673 113
41105 213
42102 218
43480 173
43500 219
43722 35
44068 125
44155 121
44528 137
45371 142
45463 239
46178 97
46935 64
47981 60
50569 238
51185 52
53945 158
54311 166
55820 34
57695 3
58652 80
60001 177
60271 178
60441 109
61327 122
61628 57
63342 231
64518 80
64868 72
65240 197
66199 38
66801 160
66907 68
69758 173
69887 116
70006 204
72244 17
73041 1
73105 130
73795 212
75222 210
76091 213
77496 171
78046 187
78263 33
78487 5
79256 233
79460 220
81206 192
81282 2
82431 122
82779 206
83345 140
83350 36
84572 167
85811 121
85987 116
87358 168
88816 79
92431 84
93339 89
94648 135
95510 104
96285 222
96853 199
98666 56
98818 131
99041 60
200 38
-97942 37
-95797 27
-95623 47
-94682 4
-94554 24
-94275 23
-93529 42
-92319 15
-89436 3
-88766 46
-85870 22
-84248 1
-83830 11
-83581 32
-82298 15
-78682 43
-78311 2
-74984 23
-73888 46
-72384 4
-71057 37
-70688 20
-69942 32
-68027 10
-67837 34
-67398 14
-66793 3
-64961 6
-64413 39
-64297 41
-62571 49
-62274 8
-61229 4
-60591 1
-59804 8
-59022 19
-58505 29
-58425 26
-57892 24
-57139 46
-56787 45
-56162 11
-55882 23
-54628 15
-53066 8
-52302 15
-50034 40
-48798 9
-48796 5
-48783 43
-48060 14
-47000 10
-46611 1
-46560 4
-46290 25
-46153 30
-45129 10
-43811 21
-43071 12
-42141 44
-41637 40
-41224 30
-39976 35
-39591 24
-38637 48
-37546 6
-36415 29
-35721 5
-33768 3
-33659 4
-33160 11
-31690 1
-30875 27
-29714 4
-29240 5
-28692 11
-27958 12
-27898 28
-26666 30
-26545 40
-26004 19
-25568 42
-24564 10
-24272 28
-23867 7
-23014 42
-22229 18
-21908 42
-21531 14
-21496 34
-21238 48
-20789 15
-20499 35
-20029 8
-19613 44
-19508 45
-18417 42
-18399 14
-17052 33
-16714 17
-8960 24
-8163 12
-6955 4
-5814 37
-5444 2
-4217 37
-2958 17
-2447 10
-1765 46
426 19
886 16
1913 6
7156 50
7945 11
8892 11
9005 27
9348 39
10045 30
13012 43
13440 10
14212 40
14566 44
17855 49
18963 11
19145 22
21175 36
21670 44
21930 45
22873 11
23089 31
24110 36
26989 7
29371 49
29745 19
30647 4
31100 36
32203 28
32687 48
33150 38
34819 23
34872 40
35194 49
36916 2
37181 32
37608 1
38475 32
38818 23
39887 13
41471 26
42623 13
43777 11
44314 21
44773 31
45866 16
45895 31
46009 30
46216 49
46834 6
47946 22
50473 13
52593 4
52932 10
54332 35
55277 47
56608 3
56780 39
56893 9
57843 4
60090 31
60154 10
60907 13
64654 34
66503 16
67047 13
69323 31
71768 8
72618 22
74875 9
75866 39
76304 19
77187 16
78361 9
78897 20
80132 16
82297 37
83894 15
85562 13
86637 11
87991 39
88031 16
89403 2
90040 2
90400 44
93178 34
95337 19
95869 26
96865 13
97468 9
99643 1
99694 34
36 7
-96897 1
-89289 1
-87964 1
-69542 1
-67562 1
-66294 1
-65883 1
-59336 1
-44527 1
-40813 1
-34841 1
-34697 1
-24565 1
-18742 1
-17524 1
-15260 1
-11522 1
-2403 1
1757 1
2289 1
5830 1
8258 1
9035 1
12138 1
16533 1
25589 1
26790 1
31715 1
38580 1
46952 1
50341 1
55561 1
68368 1
76148 1
90574 1
92144 1
200 42
-99240 21
-99213 24
-99029 11
-98807 13
-97676 10
-97490 6
-95659 8
-94715 48
-94645 48
-92765 6
-90780 25
-88903 22
-88533 6
-87664 39
-85980 24
-85562 13
-85288 19
-84646 9
-84329 45
-84265 5
-79223 23
-78318 12
-74904 10
-71977 24
-71269 42
-70996 40
-70708 24
-70505 6
-69740 9
-68504 48
-67882 30
-63609 27
-62873 49
-59831 29
-59795 11
-58478 50
-57815 47
-56708 16
-56238 21
-55761 15
-54723 21
-53834 33
-47217 20
-45975 24
-45604 33
-43629 10
-43427 34
-41952 13
-40198 25
-40178 28
-40050 28
-38930 20
-38293 38
-36394 34
-35108 27
-33921 23
-32406 6
-31999 42
-30071 46
-29454 5
-27533 40
-26959 43
-26912 5
-26630 9
-26518 50
-26113 18
-25644 15
-25276 5
-22805 27
-21983 13
-21638 38
-21484 1
-21115 45
-20045 21
-18950 8
-17987 21
-17700 42
-16917 24
-16309 21
-16265 26
-15204 21
-14465 50
-13944 33
-13861 40
-11188 44
-10845 13
-10157 40
-10107 27
-9979 6
-9115 27
-8501 22
-7259 14
-6450 15
-6148 10
-3167 22
-2554 9
-2346 31
-2341 29
-1844 16
-1530 25
-1491 21
-770 41
-162 3
522 49
2298 15
5614 26
6177 25
7397 3
7707 29
8267 28
9442 50
11135 44
11225 48
12745 44
14790 42
15441 21
16505 8
18356 26
19205 29
19318 23
19978 1
20112 33
21327 39
21538 18
23240 48
23300 17
25015 34
25187 28
25824 35
26164 43
26900 42
28179 40
28216 25
28711 12
30685 40
31904 50
33314 33
34657 19
35018 17
35904 38
38640 34
41202 14
41403 19
42186 50
42521 13
42889 31
44206 7
46123 6
46158 38
46373 38
47497 2
48985 21
50116 20
50165 7
52430 28
56546 6
58737 1
59558 31
60444 12
60532 24
62191 22
62407 32
63294 25
63834 12
63868 6
63903 42
64956 39
65166 44
67008 2
69001 1
71578 46
71744 43
72785 29
74585 17
74694 5
77764 19
81521 45
82088 7
84896 41
86335 32
87779 19
88539 6
89243 37
89437 20
89686 2
90162 23
90691 29
90908 45
91168 42
91418 50
94389 4
94622 24
94815 21
95109 18
97031 1
98718 8
98912 25
99005 32
99924 15
99937 3
200 114
-99532 4
-99489 5
-99345 9
-98532 5
-98512 2
-98324 7
-97909 5
-97756 6
-97602 3
-96798 9
-96628 4
-95297 8
-94704 2
-94046 1
-93564 2
-93248 5
-91213 8
-90391 9
-90193 3
-89463 1
-88597 4
-88296 7
-86849 3
-86148 10
-85197 10
-81513 3
-81416 4
-81225 10
-81054 10
-80633 9
-79572 5
-79133 9
-78773 8
-75568 3
-74774 4
-73194 5
-73061 1
-71932 9
-71918 6
-71617 1
-70606 9
-70270 9
-70239 8
-68871 2
-66986 1
-66927 3
-66503 8
-66321 10
-63289 2
-61918 6
-60493 8
-60307 3
-59071 4
-57495 4
-57200 4
-56108 8
-52952 9
-50187 7
-47718 8
-46478 8
-46129 3
-45006 4
-44401 3
-43679 7
-42903 8
-42344 10
-42124 6
-42123 6
-41760 9
-38767 2
-37140 2
-36455 4
-36279 10
-36154 2
-36146 3
-35616 5
-34832 9
-34765 7
-34147 4
-33840 6
-33455 8
-33257 9
-31745 1
-31702 4
-29633 2
-25069 2
-23933 8
-23129 10
-22449 9
-22418 4
-20721 10
-18265 8
-17539 2
-16802 3
-16391 2
-15621 10
-15613 5
-14844 4
-14380 4
-12052 7
-10776 6
-10473 2
-10270 6
-6657 2
-6002 4
-5019 9
-3668 6
-3131 5
-2916 6
-2664 4
-2521 8
-1484 9
360 2
1251 1
1921 3
2367 4
3749 7
8320 2
9471 10
10209 2
10330 1
14866 9
15182 2
15289 7
15920 1
16041 7
17496 6
18493 3
19474 8
20919 6
22017 2
23876 9
26851 8
28526 4
28580 7
29196 3
31520 8
31845 6
34157 6
34442 7
34465 4
35699 7
38972 1
41014 8
44294 2
44858 2
47557 6
50224 5
51136 4
52124 5
53063 6
53267 8
55462 2
55749 2
56123 8
57102 5
57356 4
57539 4
58257 2
58868 6
59007 10
59017 10
60368 10
61950 2
64142 5
64511 4
64653 7
64799 5
65057 9
65497 7
68268 8
68891 3
69601 3
73960 1
74004 2
75456 2
75515 6
76091 9
76347 7
76448 10
76693 8
76700 5
77447 7
77651 4
78792 6
78997 5
80545 2
82833 8
82977 6
83399 3
87335 5
89073 8
90351 6
90621 6
93198 10
94233 7
94602 10
95756 3
96027 9
98417 5
200 70281
-100000 31
-99118 83
-99051 52
-98746 35
-95300 44
-94623 80
-93631 43
-90076 91
-89401 62
-88866 87
-88029 31
-86584 37
-85772 82
-85491 23
-84947 32
-83039 38
-81856 81
-81151 24
-80745 69
-80230 27
-77834 37
-75870 26
-74929 84
-74818 84
-74720 25
-74273 22
-73909 30
-72542 49
-71554 59
-71051 90
-70900 30
-69259 49
-67762 94
-67403 39
-66512 41
-66262 79
-66057 42
-64875 49
-64676 42
-61951 35
-61040 25
-58913 55
-58445 23
-54804 46
-54296 39
-52586 43
-52533 93
-51931 67
-50917 42
-49795 55
-49704 91
-49306 14
-48769 82
-48667 30
-48271 48
-47541 85
-47082 72
-47049 25
-46764 28
-45120 59
-43606 28
-43020 22
-39793 70
-39447 44
-38524 65
-38387 23
-37147 24
-37051 66
-35069 38
-33481 68
-33011 81
-32746 41
-30790 30
-30612 31
-29796 68
-29570 65
-29080 71
-26920 29
-26164 59
-26019 38
-25733 92
-25629 48
-25046 57
-23267 72
-21926 86
-21818 71
-20911 56
-20877 67
-20188 19
-18416 60
-15690 74
-15113 56
-12735 75
-11681 59
-11269 45
-11239 88
-10920 80
-9215 30
-8267 67
-7989 49
-6511 30
-4987 60
-4299 41
-3483 36
-197 58
1297 48
1434 53
1459 23
3969 36
4903 48
5024 47
5326 50
6501 34
8825 72
9109 78
10840 33
12589 89
15658 46
17275 48
18609 36
18732 21
20353 37
22319 54
23657 65
26502 74
27092 83
28343 21
28537 50
30264 84
30912 74
30961 43
31008 46
32385 59
33180 92
35787 64
37109 54
38333 33
38698 66
40313 35
41711 85
41847 29
41972 20
43204 28
44546 46
45822 76
45879 82
45904 61
47517 68
47739 54
47751 82
49440 37
49758 19
51333 31
51432 73
52614 46
53340 46
53500 62
55181 46
55678 49
58088 40
59636 33
60470 30
61213 30
61948 57
62150 25
64245 35
64924 26
66643 88
66780 55
66836 72
67823 15
69780 14
69961 48
70164 34
70589 30
70939 60
71008 67
71831 33
72976 23
73087 44
74065 59
76035 42
76634 46
79176 30
82254 26
82329 28
86297 40
87456 24
89979 34
90297 28
90817 31
91148 36
91593 61
92468 43
94269 63
94990 18
96572 49
96656 49
97363 36
100000 45
1 1000000
-83662 10000
200 2
-99018 27
-98473 3
-97708 11
-97626 35
-97183 9
-96876 28
-96255 8
-96200 48
-96130 42
-93290 40
-92003 20
-91918 18
-90011 44
-89968 50
-89785 35
-88920 20
-87847 32
-86664 3
-86382 33
-85733 16
-83641 21
-82039 20
-79267 19
-78807 20
-78797 30
-77375 5
-77180 26
-76981 35
-75460 2
-74967 17
-74534 2
-72262 48
-72179 12
-71038 26
-68880 41
-65471 37
-64702 35
-61840 44
-60427 30
-60182 14
-59896 26
-59056 12
-58439 41
-57880 22
-57088 35
-56948 32
-55895 26
-55681 20
-54398 32
-53948 34
-53942 39
-51239 37
-51143 30
-51092 27
-50907 45
-48258 22
-45049 11
-43850 23
-41479 31
-40857 47
-39906 33
-39450 2
-37858 12
-37296 48
-37255 19
-37125 18
-37111 2
-36873 31
-35888 34
-35482 46
-33914 50
-33595 2
-32726 50
-32612 13
-30088 19
-27820 47
-26839 43
-26508 11
-25542 23
-23474 48
-23069 38
-23062 50
-22137 22
-21785 27
-20289 39
-16683 37
-15863 41
-15776 48
-13957 13
-13068 23
-12793 24
-12752 31
-12566 21
-11922 22
-11671 1
-11128 35
-10997 37
-8437 34
-7234 14
-6115 14
-3048 35
-2455 41
-798 39
1408 16
2563 1
2959 31
4917 9
7311 43
7551 7
7610 23
7806 37
8576 49
9517 43
10425 34
10660 45
10736 13
15190 1
15424 4
15841 43
16699 40
18846 8
20257 24
22004 38
22276 49
22432 33
23075 2
23815 32
23983 44
24278 36
25200 36
26410 29
26424 10
26761 4
27650 18
29175 34
31213 43
32920 32
33223 13
34438 33
34925 14
35636 35
37524 37
38963 21
40747 47
41521 9
43482 39
45207 32
46626 18
48117 14
48800 35
48836 48
49145 42
49614 45
50085 1
51400 16
53386 46
53881 33
54816 21
55565 14
56440 11
57030 50
58184 13
58485 50
60387 20
61452 18
63538 15
63900 33
64093 46
66060 14
66065 9
66720 12
67339 33
68042 38
68094 49
68348 21
70260 27
71311 14
76873 8
77297 20
77370 30
78442 33
79629 4
80108 2
81250 47
82545 50
82836 47
84308 9
84798 7
85405 34
86805 49
89667 19
89751 31
92334 15
92557 47
93441 16
93506 23
94133 22
94912 16
95626 29
95818 41
38 4
-152 98
-151 379
-134 265
-131 235
-107 312
-101 166
-87 133
-86 344
-76 220
-69 485
-61 117
-47 110
-44 32
-38 312
-31 239
-30 155
-19 377
-2 110
-1 388
0 273
7 357
12 141
34 304
35 81
38 461
39 292
50 372
53 223
64 367
74 307
77 370
86 113
109 359
114 343
126 503
127 177
129 162
142 310
200 1000000
-100000 3130
-99915 5540
-99411 6923
-97667 8494
-94559 6841
-94239 7062
-93381 2407
-92981 6638
-92780 4878
-87885 4651
-87849 4394
-83882 3360
-82684 4090
-82480 5725
-78215 6466
-77803 4561
-77800 3693
-77683 2595
-76556 4257
-75874 1422
-74175 7952
-73342 8578
-73241 3800
-71569 8097
-71445 6044
-71270 5078
-69811 8316
-68991 6357
-68877 4916
-68653 6320
-68339 9720
-68322 4806
-68142 5587
-67615 3522
-67193 4267
-67134 4720
-66868 6081
-66520 1966
-66161 8498
-66056 4045
-63959 4854
-63115 6850
-61150 4987
-60653 8538
-59888 5871
-59777 2908
-56792 2577
-56365 8042
-56340 6140
-55773 4907
-55091 5007
-52476 2091
-51960 5769
-51258 7360
-51032 4624
-47135 2551
-46715 4672
-46519 2918
-45626 3002
-45199 3758
-44474 3021
-44075 6763
-42605 6619
-42365 3995
-40645 3068
-39278 6221
-38720 2503
-37869 7355
-37798 3073
-36698 3529
-34674 1199
-33358 3164
-32124 5154
-31160 4576
-30430 1413
-30164 2537
-28038 1823
-26658 8904
-25826 4687
-25778 6500
-25719 3503
-23640 9520
-22823 4765
-20263 7791
-19790 6057
-19046 2531
-17808 4750
-17390 3732
-17355 6767
-15265 2573
-14764 3997
-12254 5400
-12087 5889
-11702 4195
-9979 3447
-9132 5565
-8657 4367
-7926 2058
-6873 6960
-3328 5496
-3093 8467
-2778 5427
-2626 5220
-1446 3833
-619 7775
-111 4492
147 2539
2322 5929
5186 5819
5310 3377
8187 6453
8565 7717
9856 9133
11911 6098
12006 9004
12834 8877
13198 4117
15282 7417
16381 5308
18825 6041
21062 6677
22228 2044
22277 5750
23255 8999
26867 4465
27299 4805
27665 5493
29974 7527
30728 4911
30751 3360
32540 4868
34641 3790
36098 4972
36207 4467
37771 6769
38287 5656
39420 1597
39450 5652
40335 2252
40509 4600
41490 1960
43959 6314
46770 4111
46802 5880
46874 3499
49721 4798
51312 4942
51573 2259
51975 2108
53155 2492
56410 5513
56905 4121
57153 6835
57222 7204
57822 2406
61693 3849
62062 8713
62741 6534
63562 4014
64757 4602
65015 2358
67568 5813
67936 5524
68665 5115
69234 3948
70117 4309
71524 7187
71627 6395
71893 4079
74944 8426
75630 4205
75945 1984
78266 2330
79589 5350
80005 1846
81137 5510
83988 6747
84959 3727
86913 5816
86951 8360
87474 1300
87745 5917
89397 6993
89426 2503
89750 7290
90217 4744
91325 3057
91412 2295
91783 3910
93423 2821
93743 1739
93963 3446
94860 4698
95298 1589
97392 5776
97652 5594
98270 5442
98610 4395
98958 6834
100000 8087
16 2
-32 38517
-30 49744
-28 100855
-19 53275
-12 58825
-7 68605
-6 43883
-5 28311
11 59495
15 83796
18 100613
20 87552
21 32476
22 27877
25 46774
26 116099
184 1
-99779 1
-97602 1
-94925 1
-94520 1
-94139 1
-93337 1
-92221 1
-88312 1
-87846 1
-87814 1
-87428 1
-86463 1
-86227 1
-84121 1
-83867 1
-80691 1
-79123 1
-78592 1
-78098 1
-75583 1
-75354 1
-74047 1
-72579 1
-72114 1
-71435 1
-69114 1
-66887 1
-66656 1
-66346 1
-64924 1
-60669 1
-58865 1
-56165 1
-55781 1
-54031 1
-53021 1
-51719 1
-51171 1
-48467 1
-47722 1
-44921 1
-44093 1
-41401 1
-40968 1
-40393 1
-38808 1
-37397 1
-35488 1
-34694 1
-34022 1
-33733 1
-33106 1
-30650 1
-29540 1
-28097 1
-27073 1
-26174 1
-25112 1
-23284 1
-22401 1
-21790 1
-21592 1
-21454 1
-18729 1
-18712 1
-18081 1
-16956 1
-16117 1
-16049 1
-15199 1
-13128 1
-11267 1
-10047 1
-9027 1
-7280 1
-5123 1
-4967 1
-4107 1
-3476 1
-2958 1
-2554 1
-546 1
740 1
2168 1
2777 1
3064 1
3280 1
3456 1
4039 1
4600 1
5429 1
6829 1
8466 1
10082 1
13946 1
14175 1
16892 1
16916 1
18204 1
20902 1
22267 1
22629 1
24350 1
24707 1
25567 1
30862 1
32035 1
32079 1
32148 1
33647 1
34215 1
34575 1
34592 1
35136 1
37741 1
38486 1
38773 1
38791 1
38991 1
39141 1
39311 1
40729 1
45040 1
46101 1
46553 1
47675 1
48634 1
48713 1
49445 1
51212 1
51572 1
51947 1
52133 1
52654 1
53296 1
54478 1
55581 1
59533 1
59548 1
62654 1
63621 1
64292 1
64319 1
65428 1
65926 1
68533 1
68753 1
69864 1
69865 1
73114 1
73579 1
74320 1
74715 1
75585 1
75810 1
76219 1
76381 1
76729 1
78208 1
78459 1
79451 1
82003 1
82088 1
82321 1
82499 1
83003 1
83140 1
83724 1
87116 1
87272 1
89693 1
91234 1
91637 1
92366 1
92390 1
93261 1
93289 1
93498 1
95592 1
96233 1
97131 1
98805 1
99130 1
99845 1
200 23
-99170 20
-98633 50
-98624 38
-98241 16
-97348 2
-97344 29
-97203 20
-95780 18
-93180 2
-93041 12
-87908 5
-87690 8
-86508 50
-85859 2
-84124 13
-83695 22
-81808 33
-80922 32
-80627 24
-79941 5
-75962 37
-73830 11
-73216 29
-70961 23
-69208 8
-67710 8
-67376 19
-66910 1
-66787 34
-64124 15
-63797 39
-62752 30
-61070 11
-59871 46
-58614 13
-58169 13
-57376 35
-55422 8
-55103 5
-54378 45
-54279 18
-53565 25
-53057 21
-51478 6
-49003 31
-48709 2
-47439 8
-47270 46
-46330 44
-45761 6
-44945 45
-44175 7
-44128 44
-43183 43
-42250 48
-41497 11
-41428 45
-41195 1
-41183 14
-39835 19
-39439 31
-39181 17
-38344 2
-37400 8
-35981 6
-35614 3
-33945 34
-33128 30
-32692 27
-31674 27
-31088 15
-29305 40
-28484 26
-27906 24
-27849 1
-27766 35
-27665 15
-27657 22
-27321 16
-27149 13
-26924 45
-26917 23
-26521 27
-25842 7
-25122 29
-24115 28
-22541 23
-21742 2
-20884 12
-20159 40
-18212 20
-17759 46
-17553 29
-16242 3
-15767 48
-13910 17
-13247 33
-12734 22
-11838 44
-10384 14
-10097 10
-6215 14
-5109 13
-3566 32
-3274 43
-687 37
1307 47
2395 1
3258 50
3681 18
3779 20
4642 41
4784 26
5071 16
5586 41
6828 42
9496 24
9510 33
12339 24
12896 11
13395 37
13553 32
14423 32
14579 9
14642 37
15850 32
15891 15
17351 13
17991 37
19289 10
19850 8
20739 28
21138 9
21412 21
22719 29
23272 2
23758 32
24455 2
25915 18
28910 1
29554 40
31251 13
33363 8
34652 45
35039 2
35320 23
35872 8
36290 44
36943 12
37882 50
38492 48
38544 7
42476 37
45334 46
48013 19
48574 11
48812 32
50261 14
50770 1
52576 34
52987 16
53272 14
56639 8
56747 40
56768 24
57878 11
57884 46
59173 3
60691 28
61869 38
62497 48
63574 8
65264 26
68243 19
69777 34
70117 29
71598 12
73077 22
73313 2
73961 40
75312 6
78518 47
79511 20
85518 34
85570 1
85808 46
85965 23
86341 29
86965 27
87631 24
90586 6
90933 10
91612 47
92710 40
92886 46
94260 24
96628 32
97755 1
98297 22
99000 49
200 81751
-100000 59
-99341 26
-97839 53
-97183 50
-96022 77
-95396 51
-94221 82
-93380 72
-92206 71
-91039 16
-90717 77
-87693 39
-87114 23
-86984 36
-86772 44
-86709 53
-84882 61
-84477 23
-84191 71
-84090 63
-83237 25
-82862 85
-82161 24
-81322 25
-78316 73
-76330 49
-75988 71
-72762 42
-72635 8
-72198 65
-70825 24
-70184 55
-69965 59
-68991 32
-68606 73
-67870 42
-67860 29
-65330 82
-65130 70
-64560 64
-63271 23
-62858 77
-62339 45
-59810 25
-57690 59
-57490 25
-56194 62
-55127 25
-53408 62
-53367 49
-52476 32
-50533 32
-47915 57
-47715 59
-46844 57
-46241 63
-44996 30
-43766 10
-42572 53
-41950 18
-41917 85
-41455 50
-40756 25
-39984 38
-39931 65
-39416 39
-38264 74
-37528 48
-33817 46
-33396 72
-33075 33
-30622 47
-26413 72
-23586 75
-22300 40
-21816 40
-21214 72
-18790 53
-18571 27
-16905 42
-15895 13
-15811 87
-15208 19
-15138 51
-14222 27
-13929 31
-13867 58
-13450 59
-12907 75
-12182 68
-12000 82
-11470 45
-11196 39
-11134 89
-10019 75
-9954 37
-8901 77
-8296 19
-7675 79
-7521 50
-6642 75
-6292 70
-5867 76
-5060 66
-2337 43
192 28
298 31
1432 28
1940 57
2089 85
2310 64
4562 17
5057 61
5734 68
6509 24
8120 27
8820 89
8834 57
8846 22
9477 31
10114 56
10957 24
13069 82
15538 26
21797 58
22393 40
22959 40
23932 63
25929 41
26806 43
28094 68
29417 87
30167 42
31225 38
33722 51
34859 35
35513 38
35842 69
36268 50
38881 71
39468 46
40855 35
41982 53
42141 51
42253 45
42719 30
43189 28
43407 60
46229 27
46619 35
47557 35
49512 61
50203 72
50774 27
52242 86
52462 49
52613 75
53255 62
54463 37
55580 36
55633 73
55950 26
56233 62
56666 48
56921 48
57540 26
60502 54
61855 32
65852 90
68905 22
70029 63
70260 61
71444 51
71598 23
71842 67
71870 85
72566 57
72643 56
73608 71
74900 70
76781 58
76833 34
76956 54
77972 27
78654 8
82461 24
83088 8
83863 79
84866 28
85908 21
85954 62
89360 32
92019 33
93031 89
93517 50
97069 80
97875 62
98049 41
99034 31
100000 73
103 1
-83561 1284
-83560 1985
-83543 1510
-83527 2569
-83511 1095
-83499 1317
-83498 980
-83475 1207
-83445 1650
-83444 832
-83416 3104
-83390 1036
-83373 1864
-83347 2446
-83343 1887
-83319 998
-83304 3047
-83295 1449
-83292 1145
-83267 2516
-83242 2862
-83218 2304
-83198 1107
-83175 1001
-83153 1408
-83149 785
-83132 809
-83103 1206
-83088 2336
-83077 1541
-83070 1486
-83066 1640
-83046 1330
-83041 2451
-83022 2061
-83019 2679
-82999 1798
-82977 2105
-82973 1361
-82954 2056
-82934 2813
-82906 1190
-82894 1099
-82871 2629
-82868 1807
-82861 2795
-82832 1705
-82819 2493
-82813 2421
-82789 1224
-82780 1235
-82751 1027
-82737 2198
-82731 1489
-82706 2170
-82681 1835
-82673 889
-82670 1582
-82669 2157
-82640 2098
-82620 856
-82616 1413
-82609 973
-82589 707
-82585 1304
-82558 1208
-82557 1448
-82556 2321
-82550 1256
-82536 757
-82515 2293
-82488 864
-82466 1723
-82465 970
-82448 1121
-82431 1627
-82427 1389
-82419 1746
-82412 1199
-82399 2359
-82398 2279
-82393 1909
-82367 659
-82339 2020
-82329 545
-82306 1542
-82303 1209
-82291 1555
-82281 1269
-82274 1192
-82264 601
-82248 670
-82242 1608
-82236 1231
-82217 657
-82212 539
-82193 864
-82189 194
33059 328691
33065 156328
33083 154721
33110 156117
33111 29506
50 2
-100 21442
-98 38217
-89 32918
-85 19030
-78 33117
-74 11902
-72 24136
-65 14087
-64 7247
-61 10717
-44 23729
-43 17754
-42 26642
-39 14787
-37 14531
-36 19644
-35 16956
-33 25230
-31 7431
-21 17147
-19 27034
-18 12069
-16 10956
-12 23445
-10 20553
-9 4315
-7 13895
-2 33615
0 16654
5 5254
10 32597
17 27984
21 17334
22 30559
28 23092
29 28347
34 19512
36 9988
47 33385
52 10055
53 7383
56 18659
61 25269
75 11202
79 12719
81 30294
82 26398
88 25375
90 10882
98 30665
1 1000000
78008 1000000
81 1
-79 17234
-78 12189
-77 10681
-75 18828
-74 13462
-71 16939
-68 17463
-67 7747
-65 14688
-63 14445
-60 17762
-57 17423
-56 22287
-52 4665
-44 17068
-42 14067
-40 17368
-34 22115
-30 17259
-26 6507
-24 10736
-23 12771
-22 12447
-20 7337
-19 16403
-17 13109
-16 11225
-15 6290
-14 9685
-13 14282
-12 9066
-11 16285
-10 14509
-8 3419
-6 10101
-5 8516
-2 5163
0 8153
2 13762
3 12535
5 7145
6 10072
8 17778
9 17054
10 8002
13 2601
15 9726
18 13772
19 10090
20 17969
23 6678
24 16512
25 11950
27 15426
28 20199
30 17639
31 10837
32 5402
33 7353
34 3535
35 9827
36 15240
49 19322
51 11721
52 21866
53 7225
55 15427
58 13443
60 7734
61 21825
62 14177
63 13870
64 6179
69 5542
70 19699
71 19084
72 8897
74 6265
76 2831
77 6153
79 7820
169 12
-93352 101
-93337 117
-93311 133
-93292 97
-93285 85
-93284 108
-93265 41
-93259 85
-93244 70
-93221 141
-93191 133
-93176 112
-93164 119
-93153 87
-93151 102
-93142 101
-93113 70
-93093 89
-93085 66
-93074 53
-93052 34
-93049 110
-93048 78
-93041 35
-93017 114
-93010 134
-92994 123
-92967 39
-92965 119
-92938 76
-92914 99
-92897 96
-92886 33
-92878 93
-92871 101
-92847 108
-92835 29
-92821 35
-92796 106
-92777 81
-92775 46
-92759 48
-92751 86
-92724 96
-92713 39
-92710 88
-92699 101
-92689 75
-92672 83
-92649 86
-92631 66
-92604 72
-92601 50
-92576 38
-92563 72
-92542 23
-92535 29
-92521 32
-92519 62
-92505 54
-92489 37
-92459 18
-92432 4
50219 40
50236 69
50248 73
50277 84
50294 72
50303 32
50315 41
50330 77
50348 25
50377 57
50404 64
50406 56
50411 57
50429 38
50433 58
50438 77
50448 66
50465 29
50466 78
50486 75
50494 42
50513 71
50515 34
50527 43
50542 44
50553 53
50555 56
50568 89
50580 72
50604 49
50609 58
50611 55
50613 31
50632 83
50656 42
50666 47
50678 65
50689 58
50711 35
50727 41
50743 59
50752 66
50774 29
50781 77
50793 62
50803 68
50822 59
50836 32
50856 34
50870 27
50885 50
50913 76
50940 59
50941 63
50955 63
50963 22
50988 69
51017 67
51046 49
51057 52
51083 51
51093 32
51099 56
51117 65
51147 65
51168 30
51175 52
51185 28
51195 24
51208 41
51217 32
51244 54
51272 53
51275 26
51297 36
51318 71
51334 19
51357 48
51386 60
51415 45
51417 31
51429 22
51450 73
51475 46
51490 56
51496 49
51514 47
51525 45
51552 21
51578 19
51596 33
51614 50
51635 21
51643 24
51646 34
51663 34
51672 35
51698 45
51701 28
51730 37
51748 26
51773 29
51801 62
51805 26
51806 14
51831 16
1 924455
-61265 985713
83 4
-40853 168
-40843 217
-40834 60
-40832 186
-40825 181
-40815 85
-40810 112
-40801 214
-40798 93
-40795 174
-40786 188
-40781 87
-40771 98
-40761 121
-40758 157
-40757 213
-40755 164
-40749 215
-40739 55
-40729 171
-40720 133
-40717 121
-40707 164
-40698 98
-40696 65
-40687 136
-40680 186
-40678 200
-40672 187
-40665 135
-40657 120
-40650 90
-40641 144
-40640 70
-40631 53
-40626 155
-40624 151
-40623 200
-40619 59
-40612 127
-40611 59
-40603 158
-40593 84
-40587 110
-40582 156
-40575 140
-40573 59
-40570 130
-40566 98
-40557 157
-40551 192
-40541 91
-40535 184
-40533 69
-40532 173
-40528 87
-40523 168
-40520 57
-40518 72
-40515 80
-40512 140
-40502 140
-40501 45
-40495 75
-40487 142
-40479 60
-40478 57
-40475 146
-40474 166
-40468 98
-40465 40
-40458 100
-40454 97
-40449 64
-40439 115
-40436 154
-40429 62
-40422 93
-40415 63
-40413 124
-40405 27
-40395 72
-40385 31
1 716327
77807 8594
199 5
-69756 1071
-69741 838
-69735 1031
-69706 1057
-69697 856
-69693 1018
25105 22
25114 12
25138 35
25163 22
25175 36
25185 10
25193 31
25222 23
25244 34
25252 19
25279 39
25284 38
25288 35
25310 23
25322 32
25341 17
25361 34
25387 22
25399 23
25404 27
25416 30
25433 13
25435 38
25449 30
25477 24
25501 16
25520 11
25539 11
25563 11
25581 18
25607 20
25617 35
25625 29
25644 39
25660 15
25664 20
25686 26
25716 38
25744 33
25765 18
25783 21
25786 34
25790 25
25801 30
25815 37
25831 28
25848 21
25855 26
25877 27
25883 37
25886 9
25904 24
25917 17
25939 10
25952 20
25971 30
25988 21
26007 29
26033 38
26034 9
26053 16
26055 14
26080 16
26102 16
26127 27
26133 27
26144 23
26170 32
26193 25
26210 14
26238 35
26257 16
26267 21
26294 15
26301 10
26320 33
26347 14
26369 24
26381 24
26393 28
26416 24
26433 25
26457 16
26476 35
26505 9
26518 35
26542 21
26558 13
26567 31
26588 19
26611 21
26634 35
26647 17
26670 34
26689 20
26710 10
26730 15
26759 25
26770 17
26791 23
26796 17
26806 16
26832 18
26854 22
26883 26
26907 22
26934 26
26935 8
26958 24
26982 10
27008 9
27036 16
27041 34
27053 24
27057 27
27086 30
27105 15
27133 19
27158 23
27160 29
27167 32
27195 19
27206 33
27209 22
27222 9
27250 26
27274 18
27282 9
27295 12
27321 15
27326 17
27342 33
27357 25
27385 21
27394 10
27411 30
27435 21
27453 8
27465 29
27486 27
27516 22
27541 21
27567 20
27571 19
27575 7
27591 14
27597 12
27619 19
27647 31
27668 17
27678 15
27699 14
27712 31
27733 22
27736 15
27746 14
27758 26
27774 29
27793 7
27800 25
27801 10
27823 18
27837 14
27847 18
27864 28
27881 19
27902 22
27923 17
27943 10
27961 25
27966 15
27982 11
27989 9
28003 13
28007 7
28009 20
28012 20
28036 9
28056 22
28076 18
28093 8
28095 10
28122 20
28145 12
28169 21
28199 16
28220 11
28225 8
28226 5
28233 5
28255 8
28285 10
28299 8
