50
3 2
0 1
3 2
6 1
2 2
0 3
1 1
20 3
-92221 4
-89092 2
-58235 3
-58232 4
-48944 5
-46079 4
-24120 2
-18183 1
-14666 2
-13344 4
29707 5
40538 5
43478 5
60175 4
72882 3
75442 4
76340 1
86045 4
92612 2
95523 1
8 2
-50954 15
-50950 17
-50935 8
-50923 15
-50915 10
-50896 1
58729 18
58735 8
15 1
-31903 9
-31895 4
-31892 7
-31884 10
-31881 4
-31852 2
-31828 8
-31807 2
-31782 3
-31770 3
74173 18
74198 13
74223 6
74236 6
74251 1
20 5
-100000 5
-96863 4
-79322 6
-79043 3
-73675 6
-67107 7
-17558 3
-9213 4
-5843 3
1565 2
5836 4
14842 6
26761 7
35328 2
38078 3
64144 8
68133 9
75012 8
95730 6
100000 4
7 5
-70561 6
-63617 8
-34143 18
-24428 25
1363 26
16673 7
96606 8
20 3
-100000 2
-98107 1
-92164 1
-46213 3
-31698 6
-24310 8
-12985 3
-2158 7
6844 3
13398 2
18198 7
26399 7
38293 9
39320 9
63217 5
68923 7
84668 3
86591 7
94064 6
100000 4
10 5
88696 5
88699 12
88706 8
88711 15
88712 19
88713 14
88715 4
88721 6
88727 8
88735 8
9 2
-71103 1
-28096 1
10014 1
15628 1
57880 1
60133 1
67969 1
68277 1
96617 1
6 3
-96826 1
-38115 1
1359 1
19243 1
30422 1
39853 1
20 3
-100000 7
-98417 4
-87184 2
-83673 4
-80974 11
-73385 2
-63777 4
-54036 4
-53797 5
-52279 4
-49139 4
-47738 6
-24315 2
-8150 7
3150 4
10003 4
16613 6
28181 10
58884 8
100000 2
20 5
-93785 5
-65693 3
-55047 5
-44428 4
-43984 3
-36057 3
-6640 4
1225 5
1227 5
14268 5
24641 3
30831 3
47983 2
54397 5
54786 5
55345 2
61327 1
70882 4
92543 3
95643 1
13 5
-82904 4
-76628 13
-51819 1
-46559 7
-45516 5
-43513 4
-34859 11
-20427 13
3309 13
22819 3
26785 10
40343 10
90351 6
20 5
-87893 4
-82263 1
-79696 2
-73898 4
-43110 1
-38421 2
-9974 4
-9966 4
-4505 1
19007 5
24786 3
41123 5
45455 2
47134 3
49480 4
50290 5
52693 2
79382 2
87189 5
89445 5
19 4
-93779 1
-65292 1
-51835 1
-34505 1
-31129 1
-26665 1
-5399 1
7025 1
7584 1
15669 1
18269 1
23912 1
34614 1
37275 1
41757 1
51381 1
77172 1
82158 1
82667 1
11 3
65752 10
65759 6
65767 12
65772 18
65775 10
65778 4
65782 16
65788 7
65794 8
65798 2
65800 4
11 3
-76944 15
-76926 5
-76907 3
-76904 12
-76887 12
-76873 11
-76852 3
-76834 1
80440 6
80465 26
80486 4
20 2
-99936 4
-94590 4
-88803 5
-39768 4
-37404 4
-36243 4
-27553 5
-4560 3
-954 4
-620 5
752 1
1122 3
2957 2
12775 3
30057 3
47414 3
47416 5
54484 4
84274 2
92959 4
20 5
-100000 8
-95613 4
-87798 4
-86193 5
-75934 8
-43158 3
-33584 4
-17285 9
-15442 8
-8659 2
-1360 6
7582 9
8822 1
17172 7
48841 1
54092 2
57667 1
73888 8
86226 2
100000 8
8 4
-14679 9
-14669 11
-14665 15
-14656 24
-14653 12
-14643 9
-14633 19
-14630 1
1 5
-57284 100
20 5
-100000 10
-89212 5
-88279 4
-79637 3
-71920 6
-64694 4
-63141 7
-46978 4
-43983 6
-42420 2
-41254 9
-38102 2
-35566 2
-8457 4
7767 6
55815 9
58005 2
74737 7
86880 4
100000 4
1 5
76714 100
20 4
-82984 3
-79912 3
-70027 5
-50502 5
-34157 5
-33896 1
-32326 2
-27883 1
-26374 2
-19061 4
-17636 2
-17632 5
1417 1
5039 1
14824 3
26214 5
28115 5
43778 5
57986 3
96520 4
7 2
-77639 1
-77096 1
-63431 1
-50767 1
-29050 1
1147 1
71880 1
20 5
-94464 4
-92071 1
-89407 4
-88220 2
-78297 2
-66354 5
-53601 3
-33053 1
-31901 3
-30200 1
-29281 1
-21322 4
-13906 4
-11421 5
1115 4
1120 5
8953 5
31371 2
36414 3
47863 3
19 4
-30951 4
-30942 8
-30937 7
-30933 5
-30925 5
-30922 4
-30920 9
-30919 4
-30914 3
-30908 3
-30903 9
-30899 7
-30897 7
-30893 7
-30884 6
-30878 6
-30872 3
-30870 2
-30863 1
18 5
-89 7
-87 2
-80 6
-62 1
-61 7
-60 7
-56 8
-46 6
-40 2
-38 7
-11 3
4 3
16 7
32 5
52 5
72 10
77 5
84 8
20 2
-81145 2
-71629 6
-62152 5
-61185 5
-54004 3
-30458 2
-19507 9
-11293 8
-8759 3
-5838 3
18532 3
18553 3
23025 7
33245 4
47809 5
50824 6
57203 8
57875 8
73841 1
85793 7
1 5
-62011 100
1 5
76411 100
13 2
-98507 14
-93998 1
-82197 14
-78589 5
-72157 2
-63626 12
-60048 6
-44084 7
-31971 7
23728 10
79237 4
80413 8
94051 10
1 2
70694 57
20 5
-100000 6
-98133 7
-97870 6
-83746 5
-79723 7
-53640 8
-32057 4
-29349 3
-20544 1
-20412 5
-19248 8
46054 4
47805 7
58953 6
70012 1
75328 1
80296 3
88860 5
90607 6
100000 7
20 3
-100000 5
-74146 6
-61858 7
-54584 4
-44241 10
-43824 7
-34456 5
-17106 6
-8635 2
-7487 6
3753 6
5164 4
10413 3
14945 3
25332 9
44969 2
48438 3
61158 6
93866 3
100000 3
6 1
-6 20
-4 3
0 19
2 11
3 14
6 29
16 1
-79534 3
-79532 8
-79530 3
-79521 4
-79515 4
-79506 3
-79500 5
-79497 9
-79496 9
-79487 7
-79486 9
-79483 6
-79474 3
-79465 9
-79461 4
-79453 11
20 5
-100000 4
-92664 9
-80655 2
-76922 7
-33318 6
-30871 4
-15897 4
-15337 3
-14824 2
-13734 7
-8087 10
-8040 8
-3069 5
5066 2
6391 8
29274 4
67361 3
76565 6
97554 3
100000 3
20 5
-100000 6
-97870 10
-79408 4
-79390 7
-68901 3
-56911 4
-48602 5
-47422 4
-43064 5
-38826 2
-25812 1
-1816 3
10166 4
34160 7
57283 5
67471 7
69246 8
82119 2
89123 5
100000 8
7 2
-14 12
-9 6
-8 15
-5 14
6 23
7 10
9 14
12 1
-70460 13
-58325 4
-40628 3
-40092 11
-37488 4
59555 7
76422 7
77362 13
94656 14
95792 12
97079 4
99511 3
20 5
-97871 2
-75759 1
-75228 5
-73960 3
-71123 2
-60236 4
-53467 4
-41561 3
-39448 3
-6470 2
6397 3
7503 4
9421 2
28759 5
34466 1
42660 1
49504 4
49513 4
51018 2
67306 3
1 4
-79247 87
20 5
-88786 4
-81840 4
-68673 3
-61791 4
-51468 2
-7336 2
7457 3
10245 1
11185 5
17524 2
29915 1
33808 2
41498 2
58297 1
62765 2
78086 5
78186 4
78192 5
83192 3
85521 3
20 5
-86113 4
-75976 5
-72886 3
-8404 3
-1369 4
4037 2
4076 1
4177 2
4441 2
6993 2
15131 1
17344 2
27019 2
37458 5
52400 1
82310 1
87782 3
87785 3
89578 5
98023 2
1 5
53303 99
20 5
-93846 5
-71313 2
-70942 1
-46718 1
-45429 4
-35109 3
-19625 5
-7055 5
-4913 5
4714 1
14252 1
28643 3
28645 3
31896 5
51020 5
52440 3
57047 1
80744 2
89419 5
89866 5
9 4
-83495 9
-32147 12
-26298 21
-819 15
6147 17
7278 3
50902 6
90146 14
91681 1
10 2
-69214 9
-69195 28
-69177 10
-69159 6
97319 14
97320 4
97342 4
97360 3
97368 12
97391 3
