100
10
55 28 81 84
45 65 59 90
61 8 70 95
40 68 77 68
35 50 61 55
50 65 86 87
61 10 96 52
64 24 96 66
37 35 53 75
82 2 89 97
10
28 55 51 95
69 22 85 37
28 11 65 16
13 45 39 95
43 24 59 78
48 38 69 79
84 2 97 51
16 56 31 75
36 26 60 64
67 34 86 77
10
53 11 55 55
49 38 68 57
3 29 37 30
75 4 83 99
33 7 39 91
66 7 77 92
57 77 86 80
67 32 71 84
83 23 93 86
22 52 53 85
10
94 2 95 97
40 7 56 79
49 16 67 38
34 52 49 61
44 28 79 70
30 1 31 96
2 2 2 97
43 54 76 57
3 36 19 97
14 48 36 53
10
14 5 22 93
35 63 70 88
11 80 36 96
31 18 55 69
18 24 44 52
34 70 56 74
75 1 79 96
7 13 21 71
41 1 45 96
56 58 92 98
10
36 55 70 75
28 4 38 99
15 40 47 52
51 82 79 83
60 39 95 53
55 53 76 99
6 60 38 97
9 11 26 39
59 37 82 72
32 61 71 75
10
76 28 85 79
38 3 43 98
26 1 33 96
78 3 79 98
81 2 88 97
36 27 74 47
48 62 75 88
42 63 73 63
34 4 38 99
85 3 88 88
10
42 35 66 47
10 28 38 60
42 39 73 66
34 19 73 37
9 10 34 60
42 2 48 97
33 13 51 84
65 58 99 86
4 52 36 97
12 41 38 58
10
13 2 20 97
38 23 55 76
26 22 29 94
40 4 59 78
7 1 10 96
1 12 19 22
31 71 64 90
44 8 69 65
60 32 93 59
25 3 40 83
10
87 3 98 98
57 54 83 97
4 82 28 89
67 2 67 97
60 41 97 65
19 51 37 65
35 47 61 93
60 52 95 53
22 67 58 81
36 3 58 54
10
61 2 75 97
20 19 43 22
62 18 87 72
17 75 48 86
6 2 7 97
14 41 36 94
32 9 54 58
10 62 44 95
5 30 35 49
29 7 46 65
10
62 41 79 48
25 32 52 50
57 1 70 96
2 91 25 94
21 3 22 98
58 2 74 93
61 15 64 68
32 44 39 59
51 4 58 85
51 2 52 97
10
44 27 81 49
26 10 42 41
32 2 43 97
12 4 13 99
65 16 67 40
17 1 40 63
29 51 50 90
47 87 77 89
77 2 82 97
86 19 97 50
10
15 95 47 96
58 13 96 51
18 1 34 40
9 2 26 71
43 13 63 42
9 47 43 63
81 5 96 40
37 9 51 56
42 6 55 6
37 41 57 90
10
53 2 56 97
52 2 58 97
48 62 65 88
28 64 45 99
68 21 96 75
57 27 90 72
17 5 45 34
5 13 37 36
57 12 82 58
19 72 52 79
10
24 16 41 74
3 23 26 87
49 22 79 48
58 29 83 32
14 88 51 88
61 5 80 8
9 14 25 58
65 14 86 36
48 5 56 77
31 3 33 98
10
33 34 68 54
1 21 39 45
60 2 61 97
9 61 35 71
42 15 49 78
71 42 99 53
41 24 64 86
51 1 51 96
14 1 17 96
72 2 77 97
10
46 23 64 71
11 22 24 63
61 5 85 62
17 43 45 62
20 55 33 74
30 67 69 99
25 14 45 71
24 4 35 99
45 3 46 98
65 10 98 31
10
3 39 34 62
59 25 83 30
22 45 45 59
56 10 89 48
23 4 41 66
46 40 81 43
60 4 67 99
46 23 80 51
75 4 98 59
43 9 76 34
10
67 12 76 77
73 4 85 90
43 31 73 50
83 13 89 54
32 3 35 98
79 8 90 58
14 3 16 98
37 68 44 94
24 14 63 21
68 3 81 98
10
81 84 94 85
13 80 50 95
34 40 71 78
26 43 58 59
54 27 80 30
45 17 62 82
26 48 57 95
45 41 83 75
57 43 82 91
20 33 42 40
10
21 8 51 33
46 17 84 44
43 52 75 80
39 10 73 27
3 37 12 93
21 3 58 42
61 25 96 67
42 62 48 98
91 24 98 89
37 28 68 28
10
46 32 64 98
2 38 29 90
23 1 37 96
37 1 63 13
71 6 80 6
16 28 49 58
7 50 35 86
14 6 52 29
34 32 64 54
38 36 71 82
10
67 40 83 53
60 81 94 87
56 9 66 75
1 49 24 91
57 3 60 98
67 28 73 30
73 35 90 54
1 27 1 64
2 6 31 35
3 1 13 96
10
25 2 33 88
45 16 59 37
57 18 64 93
35 1 41 96
56 65 84 67
11 1 24 96
52 4 58 99
3 3 11 98
25 43 51 92
43 15 60 92
10
57 5 74 88
55 1 59 96
67 53 94 85
38 2 40 97
59 45 84 77
62 61 87 91
23 30 61 50
23 4 26 99
17 17 29 91
30 9 42 23
10
4 19 9 19
4 4 4 9
9 4 9 9
4 14 9 14
19 4 19 9
4 4 9 4
4 24 9 24
14 4 14 9
4 9 9 9
24 4 24 9
10
58 77 95 97
68 6 84 99
77 20 80 97
6 52 40 80
23 4 29 99
78 77 90 96
78 49 95 68
24 36 58 62
68 20 79 95
72 14 89 63
10
59 76 69 76
28 44 67 48
45 4 46 99
73 15 96 53
31 55 57 85
64 55 83 87
18 2 27 97
16 4 18 99
74 81 95 93
6 2 6 97
10
22 31 30 68
82 3 91 98
3 17 20 98
58 28 91 32
17 75 53 98
5 2 7 97
72 12 86 35
12 35 29 59
58 8 65 82
11 3 12 98
10
32 49 56 91
36 21 61 41
39 18 49 99
59 50 74 57
44 41 50 62
30 15 62 18
35 56 64 93
39 45 78 80
65 25 84 96
2 42 39 77
10
14 55 47 66
11 56 26 56
6 33 30 43
51 27 69 81
1 1 3 96
48 21 82 63
38 31 62 71
75 1 77 96
3 21 17 38
63 32 79 60
10
47 16 62 90
7 2 15 97
32 12 58 56
59 3 61 98
76 4 76 99
52 60 81 66
14 3 43 32
49 36 67 54
40 21 63 48
30 46 61 56
10
44 1 51 96
46 28 73 30
63 50 86 96
69 8 74 68
8 10 31 48
2 2 2 97
59 3 71 98
11 3 31 63
17 69 55 78
18 6 43 56
10
77 43 98 72
79 3 95 55
26 46 52 83
21 31 35 80
84 23 98 89
41 38 72 78
67 42 75 77
48 37 79 74
43 26 74 65
61 19 75 75
1
1 100 100 100
10
68 12 83 86
43 18 56 97
71 36 97 46
69 21 92 72
68 24 85 73
9 20 22 56
41 21 55 62
5 66 9 98
69 3 79 98
33 1 71 20
10
56 19 90 26
1 1 26 52
13 52 50 70
9 26 30 35
77 1 88 96
64 69 69 73
78 4 79 99
29 54 67 65
72 31 94 58
36 38 74 51
10
9 1 39 26
39 38 76 69
62 7 78 18
27 37 33 94
91 1 98 96
24 5 46 52
25 62 49 87
17 49 36 52
51 50 85 59
13 3 29 96
10
30 76 57 79
27 37 58 41
67 95 94 96
21 11 39 83
14 45 42 53
37 25 54 48
81 3 81 98
9 41 48 77
9 52 47 85
71 3 73 98
10
27 14 60 28
19 44 42 99
65 1 98 16
53 2 54 97
49 26 71 57
46 15 49 23
59 26 88 31
74 66 94 74
85 4 91 52
64 9 91 59
10
21 4 25 99
34 11 62 59
76 6 92 88
18 1 28 96
70 27 90 51
41 2 45 97
76 30 94 99
64 57 79 96
9 6 42 51
37 62 49 72
10
17 40 47 86
27 80 51 97
24 1 44 67
33 57 55 93
54 33 87 37
27 14 57 57
62 11 73 95
50 16 87 23
24 72 62 93
74 26 99 78
10
29 4 34 99
40 25 67 72
90 3 90 98
35 12 62 64
56 34 83 39
28 2 28 97
24 35 51 36
86 20 86 92
19 8 28 97
34 26 49 96
10
74 68 94 92
74 1 76 96
57 66 72 90
56 1 82 8
9 18 39 55
73 44 98 93
83 4 93 93
56 50 88 85
23 8 58 43
1 1 34 13
10
36 14 65 41
29 14 45 70
74 1 78 53
58 1 60 94
89 4 98 99
21 10 48 52
30 6 53 64
23 11 33 78
18 27 48 45
93 1 97 96
10
59 15 95 15
12 49 44 56
13 38 15 46
30 9 64 13
18 3 22 98
46 42 50 66
35 26 51 40
34 22 39 90
4 88 13 89
67 2 77 97
10
12 12 30 67
72 17 82 85
41 1 52 96
30 2 39 97
15 2 37 52
14 31 38 47
18 29 37 97
34 34 48 48
50 94 76 94
5 9 16 74
10
53 12 67 71
35 36 69 75
39 4 43 99
3 21 27 66
66 88 89 99
30 45 67 46
32 27 59 52
20 64 42 98
39 35 73 59
49 22 88 60
10
65 47 77 98
8 53 31 88
33 39 61 87
44 57 67 93
65 26 82 90
3 8 18 62
49 75 63 96
33 2 38 97
46 23 50 82
42 12 45 74
10
65 14 75 79
72 77 92 99
13 18 46 46
19 92 55 98
86 3 95 98
54 61 77 77
17 74 46 92
6 20 10 46
4 14 19 93
2 26 23 30
10
59 75 96 90
27 10 35 35
79 44 91 45
77 3 86 98
12 83 50 98
46 43 54 45
33 2 63 19
3 21 12 80
84 3 97 80
18 15 42 74
10
37 83 60 87
68 11 88 68
70 16 84 91
30 17 38 63
5 3 6 98
78 8 94 41
17 43 55 53
1 39 38 39
26 3 62 14
6 17 24 94
10
7 28 26 61
25 2 26 97
88 42 99 87
38 7 52 91
59 12 82 77
79 5 96 88
61 49 80 97
35 1 49 3
6 38 34 78
70 47 99 98
10
7 50 31 66
73 3 74 98
27 4 29 99
83 45 95 62
70 18 97 27
7 53 35 94
62 74 93 87
76 11 85 77
21 1 26 96
24 41 59 75
10
72 8 83 92
35 32 56 39
47 68 64 91
66 44 85 93
37 8 67 24
49 19 86 36
7 11 29 68
22 72 54 96
20 3 21 98
42 51 69 77
10
20 2 23 97
69 4 94 63
28 14 35 95
2 6 4 37
56 80 87 92
36 1 40 81
52 71 71 99
9 31 46 66
80 1 96 90
37 3 37 98
10
42 55 68 73
11 41 39 59
17 1 39 53
50 73 76 92
17 58 51 59
6 9 44 20
89 1 93 96
17 51 55 62
69 52 93 79
31 40 60 85
10
17 11 55 44
31 3 33 98
27 8 56 56
12 3 22 98
13 27 44 46
79 10 97 72
5 4 18 99
9 52 21 52
61 30 81 66
37 26 63 72
10
84 21 92 85
21 48 50 92
65 4 80 95
65 17 97 18
34 24 66 24
24 4 37 99
49 17 81 37
11 16 25 57
43 3 58 94
58 82 83 90
10
58 65 58 81
60 49 76 49
77 13 93 13
47 77 63 77
75 34 75 50
91 1 91 17
99 21 100 21
80 10 96 10
80 1 80 17
100 11 100 27
3
2 2 4 2
5 1 5 1
2 3 2 4
10
32 29 61 44
38 2 53 97
28 50 43 76
67 3 76 98
45 43 78 57
24 1 36 96
56 37 84 46
15 20 51 56
9 62 13 83
42 12 59 98
10
14 32 53 32
23 17 39 32
34 54 56 92
51 10 90 12
77 3 96 45
72 1 72 96
6 28 33 54
40 93 70 93
32 74 65 80
41 4 50 99
10
35 48 73 74
50 35 79 71
30 8 32 62
51 10 88 18
22 79 51 87
68 7 84 91
30 1 34 96
21 14 46 70
36 56 55 84
34 18 44 99
10
15 7 29 87
71 78 99 94
71 13 90 70
62 71 76 97
42 5 52 77
18 55 56 92
51 39 70 94
56 75 86 94
27 23 35 95
24 9 38 96
10
46 59 51 97
43 27 51 63
7 4 8 99
59 4 59 99
8 48 40 71
45 2 76 34
10 33 38 77
60 9 99 47
71 41 94 93
28 60 63 84
10
37 6 51 6
17 47 52 76
62 47 85 88
28 54 60 77
66 1 71 96
68 2 72 97
6 54 45 74
14 26 48 30
27 12 34 62
78 2 81 97
10
18 1 27 96
16 14 51 15
32 14 49 54
44 65 65 89
43 5 59 88
71 1 80 96
15 13 45 23
37 67 67 84
15 39 40 98
35 53 58 97
10
39 8 72 24
28 34 47 50
65 39 88 86
27 47 53 71
9 38 36 85
27 4 27 99
63 11 95 30
12 61 41 79
53 10 75 30
36 7 43 84
10
14 44 51 81
53 4 62 99
43 1 53 11
50 15 84 42
4 10 35 30
36 23 71 65
56 2 62 97
37 31 45 38
49 1 58 96
55 27 60 48
10
32 4 37 80
63 51 86 51
32 7 43 99
19 4 24 99
79 59 95 91
35 68 71 77
68 2 98 39
24 13 53 24
66 56 92 56
10 41 49 65
10
62 23 94 48
26 46 44 77
47 35 59 44
77 8 85 65
58 4 59 99
51 49 80 92
13 1 15 96
19 44 52 68
5 13 24 25
7 3 16 98
10
30 21 55 57
63 78 88 95
66 15 78 93
45 3 55 98
37 22 57 93
56 24 81 83
72 3 73 98
58 2 64 97
73 42 84 81
77 5 99 53
10
54 9 91 30
57 28 93 39
34 6 41 97
3 16 32 45
81 2 81 97
73 3 79 98
83 24 97 93
42 4 54 99
50 77 74 88
10 59 10 94
10
63 1 73 96
45 24 74 75
70 2 75 97
3 33 40 39
70 9 99 11
50 2 54 97
60 39 89 74
65 55 86 89
9 21 25 78
28 34 57 35
8
13 14 16 17
16 17 19 20
19 14 22 17
10 17 13 20
19 8 22 11
16 11 19 14
13 8 16 11
10 11 13 14
10
20 3 22 98
64 58 97 59
44 63 66 97
43 6 80 21
13 21 16 89
33 32 64 69
18 43 32 99
18 43 44 74
45 28 70 69
22 23 45 53
10
31 36 58 59
54 42 75 55
53 1 60 96
66 2 72 97
17 23 46 38
41 10 74 27
46 5 58 67
40 29 78 66
67 21 88 72
19 5 31 85
10
48 37 67 98
53 4 63 99
56 48 67 48
36 4 52 94
55 11 94 49
60 22 71 91
16 57 46 91
17 6 30 98
38 5 58 79
78 22 91 79
10
39 38 74 45
18 56 47 97
62 15 82 72
5 18 42 18
55 55 83 71
24 4 31 99
21 60 50 92
15 34 35 75
54 55 80 76
53 1 59 96
10
31 17 56 39
10 28 40 72
20 16 33 67
10 44 28 85
68 25 86 79
24 24 49 44
11 77 44 97
24 40 32 47
8 28 18 65
61 31 80 92
10
70 35 93 65
42 72 54 74
66 8 78 28
15 45 42 93
47 39 86 62
53 6 58 86
44 15 64 87
78 4 86 99
67 51 87 85
8 40 28 79
10
13 53 28 73
19 26 48 45
42 3 42 98
8 9 40 16
9 43 14 59
70 80 77 88
89 1 94 96
51 71 82 94
76 53 95 96
20 89 53 97
10
12 1 13 96
22 1 38 85
44 1 52 84
58 78 79 87
18 18 55 34
80 22 89 92
51 23 58 67
59 47 73 81
11 1 12 96
39 38 64 88
10
71 13 82 98
47 12 56 65
32 57 69 77
15 3 19 98
33 13 52 68
37 33 54 47
2 46 19 88
62 20 72 84
82 51 94 66
49 84 72 94
10
23 1 31 95
66 81 72 84
41 41 69 56
31 49 53 57
7 1 19 80
34 31 70 34
16 4 28 99
49 4 55 98
42 3 50 98
21 63 51 90
10
68 82 93 83
27 81 64 96
82 2 88 97
14 8 40 43
44 82 52 91
89 2 96 97
12 3 13 98
40 9 72 41
75 11 92 94
37 20 57 94
10
82 17 98 20
21 40 54 74
27 43 56 60
6 28 26 37
69 2 71 97
50 14 78 61
60 53 68 66
64 35 86 95
26 74 38 93
26 18 52 72
10
48 3 50 97
4 47 28 90
44 7 53 28
73 30 96 70
10 27 36 49
10 63 38 92
74 2 74 97
47 3 55 98
59 4 83 10
15 6 27 95
10
3 34 24 94
17 63 29 95
62 37 86 56
18 1 25 96
9 10 35 45
66 63 96 80
29 21 54 72
60 2 83 59
20 55 57 63
24 7 34 27
10
28 3 28 3
93 9 93 9
17 98 17 98
45 29 45 29
10 41 10 41
9 32 9 32
18 79 18 79
87 62 87 62
20 58 20 58
78 14 78 14
10
61 7 80 86
7 1 17 96
1 55 22 97
15 28 54 62
47 15 73 25
71 76 93 98
34 1 46 96
83 4 84 99
56 3 61 98
68 49 86 78
10
37 95 64 97
71 54 74 58
36 1 39 96
64 40 98 82
10 1 21 96
40 19 47 94
52 3 65 98
2 14 6 46
38 42 68 89
59 64 66 87
10
56 26 75 78
23 21 36 67
58 16 89 45
32 1 52 20
74 26 95 97
6 53 34 84
44 3 46 98
40 26 78 54
35 92 72 98
59 5 66 70
10
73 10 98 30
54 7 89 40
19 4 22 99
30 43 49 84
30 27 64 44
80 20 95 69
75 46 85 72
57 40 89 53
68 4 71 99
56 44 82 98
10
10 19 12 28
13 13 26 34
40 34 61 80
4 83 24 84
40 8 76 43
20 15 38 40
57 34 84 64
71 37 98 67
40 63 72 83
51 33 86 76
10
60 4 72 99
39 3 48 98
21 78 43 96
8 27 37 56
69 70 90 82
55 21 84 40
8 73 35 75
1 23 39 57
4 31 26 84
52 79 79 82
10
62 23 80 70
54 3 88 41
32 22 51 54
66 11 71 83
41 13 57 84
28 4 39 67
11 4 13 99
81 4 86 99
13 2 17 97
55 51 79 70
10
30 71 38 81
35 17 67 43
44 1 52 96
48 68 73 85
82 2 93 97
23 19 40 68
69 17 98 34
38 17 75 30
21 16 32 51
29 32 36 62
