50
2 1
0,1
3 3
0,1 1,2 0,2
5 5
0,4 0,2 2,4 1,2 1,4
7 9
0,6 0,2 0,4 2,4 3,4 2,3 3,5 4,5 1,5
24 164
0,20 11,15 0,3 14,21 10,12 0,11 12,20 16,20 5,20 10,20 3,15 14,22 7,16 17,20 13,20 8,14 5,18 4,13 4,19 3,7 2,20 1,8 19,20 5,23 7,11 2,3 1,11 14,19 15,16 12,22 0,8 22,23 2,11 16,22 11,13 3,20 13,23 4,22 12,21 9,19 17,22 15,17 1,3 8,21 6,12 5,9 1,15 5,11 2,18 0,18 6,16 6,20 6,17 2,8 0,16 9,14 11,12 2,17 2,6 2,13 8,9 1,20 9,23 10,16 3,5 1,23 1,12 1,21 2,10 9,11 6,22 20,23 8,20 4,11 0,23 0,14 1,19 12,13 15,22 3,18 5,21 8,19 7,13 4,14 12,15 1,9 0,10 9,17 2,9 0,9 6,18 18,21 6,9 7,14 12,14 2,19 0,2 10,21 21,22 8,18 10,19 7,22 3,12 13,19 16,17 10,18 18,19 8,15 4,21 1,5 0,6 5,7 7,20 17,18 18,20 6,7 10,23 7,18 4,20 15,20 15,19 10,14 7,8 2,21 6,8 1,10 2,22 11,22 3,8 14,15 3,13 5,12 7,12 11,17 15,23 9,18 9,10 4,6 9,20 13,15 3,21 10,11 9,12 13,14 1,7 6,19 4,7 2,4 11,23 10,22 4,5 3,4 7,9 5,6 2,23 17,23 11,14 11,21 7,19 20,21 5,10 7,17 17,19 0,5
32 32
4,31 14,20 28,31 7,27 11,16 1,5 11,23 15,27 4,5 16,20 2,15 9,13 20,25 17,24 15,23 13,28 18,26 4,22 7,31 8,25 6,21 23,28 2,3 6,20 2,5 8,21 3,26 5,26 3,4 18,23 0,2 5,24
19 31
0,3 4,7 1,15 13,18 8,11 14,18 15,16 6,9 14,17 10,14 5,7 13,17 8,12 9,12 6,8 12,15 13,16 10,13 7,9 9,11 5,6 12,13 7,8 11,14 8,10 11,13 3,4 4,6 15,18 2,5 3,5
29 350
18,22 13,18 7,26 7,17 5,25 11,27 11,28 6,9 24,25 23,28 9,25 5,12 3,25 5,24 11,20 6,10 9,10 11,13 3,14 3,4 8,17 11,19 12,20 16,17 10,28 24,28 5,11 12,25 10,23 2,14 6,18 2,28 13,21 17,18 8,18 24,27 5,17 17,20 9,28 6,12 6,16 6,19 19,22 16,21 5,14 3,19 5,27 13,14 12,19 8,15 5,6 22,24 13,27 5,20 14,23 5,22 2,22 15,28 4,11 6,23 4,21 2,7 3,16 10,18 9,18 26,27 2,21 4,24 19,25 6,25 11,26 19,24 5,21 9,19 12,15 15,23 17,25 2,8 21,23 6,11 12,27 22,26 3,13 4,18 11,21 8,10 7,10 10,14 11,23 2,5 3,24 3,5 17,23 17,24 14,18 14,22 3,18 9,16 2,9 8,23 17,22 3,20 7,13 16,28 8,21 18,27 4,10 7,8 18,19 16,20 21,25 2,19 10,26 9,26 14,26 8,28 9,13 14,16 3,15 19,27 4,26 20,28 14,25 9,21 8,24 26,28 4,28 3,21 3,6 16,19 15,27 10,20 14,28 23,25 18,21 4,14 9,14 2,13 3,9 5,16 19,20 14,17 10,11 10,16 8,20 4,27 21,22 11,15 4,5 16,25 3,23 10,19 5,23 20,23 25,28 11,18 8,19 9,12 11,16 7,15 5,26 11,17 19,23 20,24 15,19 17,21 14,21 15,20 3,11 12,16 8,12 9,22 6,28 17,26 3,28 22,25 16,24 10,12 7,21 17,28 25,26 4,6 6,14 2,16 4,15 7,25 9,17 9,24 5,28 5,19 6,24 23,27 10,27 15,16 17,19 14,15 2,17 12,24 20,22 6,26 18,26 8,16 10,25 7,12 10,22 9,23 16,26 19,28 13,20 9,20 8,26 10,24 7,19 10,15 14,19 6,27 15,21 2,4 6,22 13,15 13,25 13,17 4,20 5,13 22,23 2,26 7,18 2,15 2,10 11,22 6,8 18,20 11,14 12,17 8,13 4,22 23,24 7,9 19,26 6,21 2,3 13,16 14,24 9,11 12,13 18,24 8,22 18,28 5,7 10,13 13,28 20,27 5,15 21,26 15,18 4,23 3,7 10,17 4,7 13,23 15,25 4,16 24,26 18,23 2,20 17,27 11,24 6,20 7,24 4,9 11,12 12,28 7,22 2,6 8,11 21,28 2,24 19,21 20,26 20,21 8,25 21,27 4,19 6,15 3,8 9,15 7,14 21,24 16,23 7,20 16,22 12,22 2,23 12,26 27,28 16,27 16,18 9,27 6,13 4,12 4,17 2,18 2,25 0,1 23,26 5,18 3,22 2,27 6,17 15,17 13,22 3,17 14,20 12,18 7,16 14,27 3,12 20,25 15,26 11,25 22,27 13,24 10,21 8,9 8,27 13,19 2,12 7,27 3,26 13,26 2,11 12,23 12,14 6,7 5,9 12,21 5,10 4,25 22,28 25,27 3,27 3,10 15,22 7,11 7,23 5,8 15,24 7,28 4,8 8,14
24 232
15,21 6,7 13,23 8,12 9,19 15,20 9,22 4,21 3,10 8,10 11,20 16,21 11,12 13,19 8,14 11,14 15,22 7,21 11,13 13,18 14,18 2,19 5,15 16,18 6,18 3,19 17,20 2,18 4,13 14,16 16,22 6,14 4,12 4,14 9,23 14,22 5,8 10,18 2,12 13,14 5,10 6,19 8,22 6,8 16,23 11,21 3,4 14,23 3,8 18,20 3,16 12,20 13,16 7,18 16,19 21,22 15,23 8,9 10,11 13,22 13,17 2,20 2,4 9,18 3,23 2,22 8,15 19,23 12,15 17,21 5,19 4,22 5,23 0,1 5,13 22,23 2,9 4,6 17,18 9,13 10,17 6,21 5,22 4,10 3,5 2,17 6,16 9,17 15,16 12,13 7,19 6,17 8,18 2,15 6,20 3,20 11,23 10,13 15,19 20,23 6,23 10,20 2,13 12,16 10,15 14,15 17,22 10,23 12,22 9,15 6,15 5,18 15,18 17,23 5,7 12,17 8,11 7,23 14,17 5,14 11,19 9,11 21,23 5,11 8,21 4,16 2,16 12,14 4,5 7,20 7,12 3,12 4,11 6,11 11,18 9,10 8,13 2,11 18,21 11,16 3,9 16,17 20,22 3,22 12,21 6,10 7,8 4,17 3,17 12,18 13,15 2,10 19,20 2,21 9,12 2,14 4,19 4,23 7,15 13,20 8,16 4,18 4,9 19,22 7,13 6,9 15,17 7,16 2,5 6,22 3,13 20,21 18,22 4,15 7,14 7,22 9,20 10,22 7,17 5,16 9,16 8,23 2,6 5,12 4,20 11,22 3,14 18,19 6,13 5,17 3,7 4,7 12,19 5,21 3,18 5,6 14,21 10,21 10,14 3,11 8,19 16,20 12,23 3,6 19,21 5,20 17,19 18,23 4,8 9,21 3,21 9,14 14,19 3,15 2,7 11,17 13,21 7,10 11,15 8,17 2,23 10,16 8,20 7,9 14,20 7,11 5,9 10,12 2,8 2,3 6,12 10,19
36 276
11,14 3,15 19,31 7,20 1,35 16,28 11,21 13,34 11,13 23,33 20,29 16,34 13,28 13,33 12,15 11,22 9,20 21,30 22,28 8,15 7,19 1,31 6,18 22,34 4,17 14,31 9,21 1,34 23,31 20,24 16,24 1,26 21,32 18,34 23,26 21,28 5,20 6,20 6,23 16,32 5,13 20,27 5,19 10,16 4,19 20,35 19,34 22,32 15,25 13,25 8,23 3,22 0,2 7,14 15,33 13,27 19,33 9,17 5,15 5,22 21,34 15,26 7,16 12,13 14,34 18,35 10,19 18,26 21,35 9,23 0,6 5,23 20,28 16,35 2,23 14,26 8,16 15,31 20,31 14,24 10,23 15,28 2,13 8,18 0,8 12,22 17,33 16,25 0,3 11,19 19,32 11,23 6,17 23,27 2,14 11,20 14,25 15,32 17,35 2,22 12,19 22,25 22,29 21,24 8,22 18,33 10,17 18,31 12,21 14,30 17,25 11,16 19,28 18,27 15,30 18,29 3,17 3,23 6,22 23,28 11,15 1,33 8,19 23,29 22,26 16,33 0,9 15,27 6,19 9,15 18,24 12,18 5,16 4,13 23,30 19,30 21,25 1,27 14,29 19,29 19,26 7,17 13,31 0,10 14,35 21,31 13,29 14,27 5,18 21,33 14,33 14,28 1,30 6,15 20,30 20,32 17,32 2,16 17,27 1,24 12,20 8,13 16,27 21,29 1,32 19,35 22,35 2,17 17,31 20,34 3,16 5,17 3,19 1,29 9,19 16,26 8,20 9,13 11,18 3,13 4,14 23,32 16,29 1,25 7,21 0,4 6,13 4,21 19,25 9,18 10,20 13,35 2,15 1,28 17,28 22,27 10,15 18,28 7,18 5,21 17,30 18,32 11,17 8,17 10,18 8,21 2,21 6,14 12,17 0,11 23,25 16,30 22,30 6,21 22,33 8,14 17,34 3,18 20,26 7,23 4,23 15,35 16,31 4,22 22,31 19,27 19,24 15,24 2,20 2,18 17,26 12,14 17,29 20,25 12,23 2,19 9,22 13,24 17,24 13,30 10,13 21,27 4,15 4,20 12,16 15,34 14,32 13,32 9,16 22,24 4,16 21,26 13,26 0,5 4,18 0,12 6,16 18,25 3,20 10,21 7,22 20,33 23,34 7,15 23,24 0,7 15,29 3,21 10,22 10,14 7,13 5,14 9,14 18,30 23,35 3,14
33 302
12,14 7,25 14,28 11,30 14,26 2,28 23,24 14,24 27,30 14,17 11,21 30,32 7,15 8,21 12,31 20,25 3,32 8,12 7,20 6,18 0,29 18,21 17,28 10,24 11,15 13,18 4,28 1,19 13,22 2,26 1,7 23,25 4,9 4,13 1,13 6,26 2,20 14,29 6,11 0,32 16,29 5,15 1,8 17,20 1,17 9,18 25,30 0,6 5,18 4,24 6,21 7,14 4,32 0,22 8,24 2,27 4,7 5,6 18,25 13,26 0,8 28,30 9,26 15,30 19,29 0,14 3,10 16,32 21,30 12,24 9,32 9,14 0,4 12,27 3,29 7,13 13,25 9,10 5,16 30,31 14,15 6,15 20,26 2,22 14,22 20,27 6,25 12,32 28,31 22,32 16,31 4,19 15,27 25,32 2,23 15,25 28,32 5,20 9,27 12,30 13,19 10,32 15,29 31,32 22,24 7,23 1,14 8,32 20,24 20,21 0,12 5,8 10,16 10,28 20,28 10,19 16,28 1,15 5,21 8,23 1,24 7,8 7,30 3,7 14,23 4,18 6,9 23,26 6,20 3,11 9,24 5,23 17,29 5,9 28,29 17,30 3,18 14,20 8,30 15,28 8,26 4,29 13,17 6,30 13,30 8,25 5,24 15,31 12,13 20,32 8,9 15,17 4,30 26,29 20,31 5,22 1,11 5,26 10,22 12,26 2,5 0,23 8,28 16,25 15,26 3,26 15,20 2,8 0,2 8,14 3,16 19,31 3,14 9,16 6,8 3,21 3,17 0,28 10,29 13,16 1,26 0,3 8,18 3,22 1,25 7,22 3,9 0,17 11,16 4,6 20,23 7,18 16,23 5,10 13,31 1,6 17,26 23,27 11,18 4,5 21,27 6,24 18,24 4,25 9,25 9,19 8,19 21,29 24,26 6,12 21,25 6,7 11,12 5,17 7,31 3,24 21,28 4,20 26,30 11,26 5,13 7,10 1,22 13,14 3,28 2,19 5,19 5,32 9,15 2,15 6,22 7,26 2,30 3,12 5,12 6,29 9,12 1,18 19,24 1,12 16,18 21,32 7,27 18,28 10,17 19,30 2,6 20,22 10,11 6,14 4,11 3,31 18,23 9,17 1,28 3,25 10,14 4,22 12,22 0,25 16,30 18,30 5,25 16,26 19,20 14,21 6,17 7,9 8,16 15,22 8,17 27,31 6,23 4,17 0,10 1,16 10,27 2,3 0,16 14,31 11,31 26,32 1,5 3,4 15,18 18,22 2,25 17,27 13,27 25,27 13,29 3,30 29,31 29,32 8,20 23,32 13,28 2,16 15,23 24,32 0,31 16,21
36 276
1,27 23,33 4,21 6,13 4,23 10,22 11,14 11,16 3,20 2,17 7,19 13,24 20,24 16,30 14,25 17,33 8,13 15,25 14,32 10,20 21,31 9,22 3,13 17,32 1,26 17,24 0,5 10,23 5,15 11,18 7,15 23,29 21,26 3,21 15,24 5,13 23,30 21,32 3,15 15,32 6,14 5,14 14,24 17,29 5,23 7,13 17,31 11,22 7,20 11,20 9,16 7,16 1,34 0,9 8,18 12,16 11,19 6,21 0,8 3,18 6,15 12,18 12,20 17,25 8,21 9,20 4,20 4,22 13,28 21,25 3,16 13,26 8,16 2,22 22,24 16,24 12,15 13,33 2,18 14,27 13,31 11,15 20,31 11,21 7,14 0,2 11,13 23,34 21,28 10,18 1,30 14,26 4,15 18,27 15,27 10,13 17,28 12,21 20,28 20,35 23,26 21,33 22,32 9,13 5,16 23,35 0,3 1,29 19,32 19,35 10,21 20,34 14,30 21,35 22,33 12,13 17,34 13,29 18,31 23,27 23,25 5,22 12,19 17,26 5,17 6,22 17,35 2,23 0,4 21,30 2,15 16,32 3,14 6,16 22,28 19,33 6,18 9,23 7,23 3,23 4,14 18,33 6,19 1,35 7,22 9,14 14,34 2,21 8,15 3,22 7,18 14,33 15,30 15,29 15,34 16,25 20,32 8,23 21,24 1,33 13,30 10,17 22,34 11,17 15,26 0,10 4,19 23,32 12,14 16,26 22,25 13,27 21,34 18,28 8,22 13,34 19,28 19,24 13,32 2,20 22,29 1,24 15,28 8,17 20,25 4,16 15,33 10,14 12,23 4,13 2,16 10,15 23,28 15,31 19,29 22,26 9,19 10,16 19,31 18,24 8,19 1,31 1,25 19,34 8,14 19,27 13,25 20,30 23,24 0,6 6,23 22,30 5,21 18,30 0,12 19,30 22,31 3,17 2,19 21,29 20,26 16,35 22,35 21,27 16,29 14,35 7,21 20,33 18,29 5,19 12,22 9,18 14,29 11,23 20,27 1,28 18,34 10,19 19,26 18,25 4,18 5,20 19,25 18,35 18,26 3,19 16,33 16,28 16,31 22,27 2,13 12,17 20,29 8,20 9,17 16,34 17,27 6,20 14,28 0,7 16,27 7,17 14,31 9,21 2,14 18,32 6,17 9,15 15,35 17,30 23,31 0,11 13,35 1,32 5,18 4,17
20 20
8,9 18,19 4,5 16,17 2,10 13,14 12,13 6,7 3,4 0,19 7,8 15,16 14,15 0,10 5,6 11,12 2,3 1,11 17,18 1,9
31 87
15,16 0,19 15,22 7,10 8,13 22,23 14,19 5,28 25,30 18,25 12,14 10,15 27,28 11,28 13,23 2,13 0,2 2,22 13,19 0,21 14,15 5,18 5,20 7,22 15,19 0,30 8,9 2,18 1,16 2,9 10,19 13,15 5,22 3,4 18,28 5,6 9,10 7,8 6,26 3,24 20,26 9,20 9,27 22,25 25,29 19,20 4,13 2,7 11,12 6,28 5,16 2,3 12,29 15,30 10,11 0,27 9,29 3,25 24,25 1,25 29,30 13,14 15,18 4,27 25,26 16,24 4,18 6,7 5,27 1,8 26,28 15,29 6,30 3,26 5,13 4,22 12,13 12,24 3,20 4,5 6,27 6,25 10,22 2,21 6,17 1,3 12,20
21 91
11,19 2,10 3,11 5,10 3,12 4,13 10,20 10,14 8,17 1,17 7,9 10,15 11,14 11,15 9,15 11,17 13,15 12,16 5,11 5,12 5,9 7,13 13,16 5,13 13,14 0,7 0,2 1,14 4,11 9,14 2,9 13,18 3,10 12,17 9,19 10,16 3,8 13,20 13,17 12,18 8,16 8,14 4,10 4,9 8,18 8,15 0,5 7,12 12,19 9,20 1,18 6,13 12,14 9,16 0,4 11,20 1,15 1,20 7,8 12,20 9,17 1,16 10,18 6,10 2,13 4,8 9,18 0,3 6,12 2,11 7,11 3,13 3,9 13,19 11,18 2,12 8,19 10,19 7,10 0,6 6,8 1,19 4,12 6,9 10,17 6,11 8,20 5,8 2,8 11,16 12,15
5 5
3,4 0,2 0,3 1,2 1,4
24 176
10,17 15,19 1,3 15,21 14,17 18,20 1,6 17,23 14,18 6,11 8,19 8,9 2,12 8,10 6,7 0,6 10,20 12,16 6,21 13,18 2,23 15,22 9,20 11,20 7,11 12,20 9,12 12,13 4,23 16,21 8,20 2,3 13,19 14,15 9,10 7,9 13,16 16,18 11,23 13,22 18,23 7,10 16,17 3,16 1,12 2,20 3,8 4,14 2,19 7,19 4,5 5,18 6,13 12,21 13,21 13,17 18,19 9,18 8,12 11,12 0,2 13,15 15,16 2,4 10,11 13,20 15,20 14,23 7,18 0,3 5,21 5,6 9,15 22,23 4,21 3,23 12,23 10,22 6,16 7,13 0,19 1,23 15,17 1,21 17,19 3,10 9,14 20,21 9,22 1,8 0,9 11,19 6,14 6,19 10,19 4,10 11,22 11,14 7,14 3,20 2,6 6,18 18,22 19,21 9,21 0,8 8,11 5,10 4,7 15,23 5,7 10,18 2,16 7,20 16,20 5,13 4,12 6,23 12,22 2,9 3,15 18,21 2,18 2,11 17,20 14,21 5,11 12,15 8,13 7,12 20,23 11,21 4,9 5,14 7,8 21,23 10,23 16,23 5,19 8,18 11,13 5,16 1,22 3,22 5,9 17,22 2,7 0,17 1,20 6,17 4,22 14,19 8,16 0,12 17,21 17,18 4,11 3,17 5,8 4,6 13,14 2,21 5,23 7,16 0,5 1,19 12,17 5,17 2,10 6,12 1,16 0,1 3,4 10,14 7,17 3,21
20 9
5,19 2,14 12,17 13,18 4,13 8,17 8,11 3,12 0,1
18 33
9,12 5,6 11,14 10,12 15,17 6,9 15,16 10,13 12,14 7,9 0,2 4,8 7,10 10,11 14,16 9,11 0,3 11,15 1,15 2,5 12,15 4,6 3,5 14,17 13,15 3,4 8,10 5,7 4,7 9,13 5,8 13,14 1,14
28 147
8,21 9,23 5,22 14,18 10,27 14,22 13,23 11,25 6,26 9,27 10,25 0,14 10,26 8,18 13,16 15,24 9,22 9,25 8,25 6,17 9,19 1,13 13,19 7,22 7,20 7,26 5,25 1,9 10,16 8,17 0,12 12,22 14,25 11,22 14,17 12,25 6,23 6,27 13,27 8,24 0,2 11,19 5,24 6,24 3,4 10,19 9,26 6,18 13,24 11,21 15,25 6,16 0,10 12,23 5,20 14,27 9,18 8,26 7,18 5,16 6,19 14,19 8,23 12,24 1,4 7,16 0,6 12,21 11,20 12,19 8,22 11,16 10,24 5,18 11,17 0,8 13,18 7,27 13,25 15,23 12,20 10,23 14,24 9,16 9,17 11,26 15,17 7,17 5,23 13,17 10,20 14,23 6,20 11,27 9,24 10,21 15,20 7,23 10,22 15,16 8,20 5,21 10,18 12,26 1,15 6,21 15,18 12,27 11,18 12,17 1,7 5,26 7,19 14,20 2,3 14,16 5,19 8,27 6,25 15,19 5,27 6,22 12,16 8,16 14,26 13,26 8,19 13,20 13,22 14,21 1,11 11,24 12,18 15,27 1,5 13,21 15,22 7,25 9,21 7,21 10,17 11,23 15,21 9,20 15,26 7,24 5,17
26 144
14,20 12,25 8,11 11,22 0,8 0,5 10,17 14,19 8,10 11,21 12,17 15,23 1,25 11,25 0,4 3,9 6,11 1,24 9,21 3,12 10,21 9,20 15,17 2,13 3,15 0,6 7,9 14,24 6,15 1,23 13,18 2,15 3,13 11,23 1,19 13,24 16,18 7,12 5,12 10,23 3,10 13,25 11,24 4,14 9,18 6,14 8,15 11,17 7,16 10,18 1,20 4,16 8,12 12,21 15,22 12,18 15,21 13,17 5,11 8,14 14,23 13,19 16,22 16,25 7,11 6,10 3,14 4,15 8,16 2,14 2,16 13,21 6,9 5,15 16,24 1,17 6,13 10,19 15,19 3,16 15,25 12,24 10,22 16,17 16,20 12,20 14,18 4,9 13,20 4,12 14,17 4,10 6,12 0,2 4,11 13,22 0,3 11,20 5,9 10,25 8,9 9,25 16,19 9,24 1,21 1,22 12,19 2,11 7,13 7,15 13,23 3,11 11,19 1,18 9,19 12,22 11,18 15,20 9,23 10,24 5,16 9,17 5,13 16,23 0,7 6,16 14,22 12,23 7,14 14,21 2,10 2,9 5,14 2,12 4,13 16,21 8,13 10,20 7,10 9,22 15,18 5,10 15,24 14,25
36 276
17,35 13,33 13,34 12,18 19,32 21,29 6,15 3,15 14,30 20,35 10,15 14,27 2,21 14,26 20,31 7,20 23,26 8,17 4,23 5,19 3,19 20,32 16,32 1,30 18,25 7,17 16,28 22,25 11,21 1,26 22,35 6,13 14,32 18,30 14,28 16,35 17,25 21,25 7,16 4,18 14,31 21,32 22,26 12,19 14,25 19,33 6,21 11,16 12,16 11,13 10,23 0,7 19,29 6,19 11,17 13,30 2,22 12,13 20,33 0,4 18,33 4,20 13,24 12,20 21,26 17,27 22,29 3,14 11,18 11,22 6,16 15,24 3,22 16,24 6,22 10,17 22,28 18,32 14,33 3,13 13,32 9,15 13,31 9,13 6,17 2,23 4,19 21,33 21,34 21,35 10,22 22,33 18,27 19,35 20,24 19,31 15,35 23,35 18,26 7,14 18,28 8,21 21,27 6,18 20,26 8,18 3,21 7,19 3,18 7,23 23,24 23,30 4,22 2,18 21,28 13,29 8,13 18,35 9,14 10,20 20,28 1,29 5,14 10,21 12,21 0,10 0,12 9,20 16,27 6,23 16,31 20,30 15,25 1,35 8,14 13,25 0,2 16,33 21,30 8,19 23,27 22,31 14,34 19,30 11,23 4,15 9,21 17,31 12,14 23,32 22,30 4,21 11,14 2,20 12,23 23,31 16,30 18,29 15,26 13,27 22,34 9,16 17,24 19,28 21,24 0,6 17,32 11,20 19,25 5,13 2,19 0,9 0,5 18,34 7,15 1,28 11,19 10,19 5,17 8,23 2,17 23,25 17,33 14,35 12,15 8,20 15,27 22,32 4,13 13,26 1,34 17,29 5,16 5,15 4,17 1,25 1,32 2,13 0,3 15,32 9,18 16,25 16,26 15,31 2,14 7,13 1,33 13,35 5,23 22,27 19,26 5,20 1,24 15,29 8,22 1,31 16,34 14,24 23,29 15,34 4,14 10,16 2,16 20,27 7,21 17,28 5,21 22,24 15,33 16,29 6,14 7,18 6,20 20,34 0,11 10,13 10,18 19,24 9,23 20,25 4,16 3,17 9,19 12,17 3,23 17,34 18,31 23,28 5,18 19,34 8,15 12,22 23,34 11,15 15,28 2,15 17,30 13,28 1,27 9,22 17,26 8,16 14,29 9,17 20,29 21,31 10,14 19,27 15,30 23,33 0,8 3,20 3,16 5,22 18,24 7,22
36 35
2,3 13,14 26,27 34,35 33,34 15,16 17,18 30,31 31,32 11,12 32,33 8,9 18,19 22,23 14,15 25,26 6,7 27,28 20,21 24,25 28,29 23,24 29,30 9,10 7,8 5,6 4,5 12,13 21,22 19,20 1,35 16,17 10,11 3,4 0,2
29 180
17,19 17,24 17,25 18,25 12,28 16,20 8,15 7,15 17,20 5,11 4,15 11,23 0,3 13,26 6,11 0,8 10,21 16,25 16,27 13,27 6,17 14,26 14,20 14,25 11,27 13,23 14,19 14,21 2,11 16,21 10,22 4,16 0,2 6,14 12,23 8,14 13,22 0,5 18,21 12,22 12,27 4,17 11,28 2,17 7,16 13,28 1,23 10,23 8,12 0,9 14,28 1,22 15,25 13,21 1,20 3,12 10,27 10,20 9,17 6,15 3,14 0,4 5,12 4,11 9,12 13,24 7,18 3,16 11,19 4,14 5,17 3,10 2,15 10,25 16,28 2,12 11,24 1,27 4,13 7,17 8,16 16,19 16,24 3,18 12,24 9,11 8,11 4,18 7,14 1,24 9,18 18,26 7,11 11,25 4,10 5,10 15,23 5,15 1,26 15,27 10,19 16,23 18,27 14,27 6,16 3,13 6,10 13,20 11,20 5,14 2,18 15,22 5,18 6,12 1,19 18,23 10,28 8,10 17,23 16,26 9,14 5,13 10,24 15,26 13,25 15,28 17,21 17,28 14,22 18,20 1,21 18,28 8,18 14,23 2,14 11,22 18,24 12,21 15,24 0,6 2,10 9,16 13,19 17,26 11,21 8,13 12,26 7,10 12,25 5,16 18,22 0,7 7,13 9,15 15,21 18,19 16,22 9,13 2,13 8,17 6,18 4,12 3,15 11,26 7,12 15,19 1,25 1,28 15,20 12,19 9,10 14,24 10,26 3,11 3,17 17,27 12,20 17,22 6,13 2,16
30 29
2,13 10,21 7,18 6,17 1,25 0,2 5,16 5,6 5,27 2,3 6,22 8,9 9,10 5,26 6,7 3,14 3,24 8,19 4,15 0,11 3,4 1,12 0,23 4,5 1,10 8,29 7,8 9,20 9,28
11 10
2,3 0,2 3,9 2,6 1,5 3,8 3,7 1,3 0,10 0,4
25 82
3,12 14,20 14,15 1,20 1,2 0,17 7,17 16,24 15,23 19,21 3,7 1,19 11,12 9,20 1,21 10,13 7,8 4,8 2,4 8,9 5,20 4,5 5,14 17,20 6,24 1,12 15,20 3,16 1,3 10,23 10,11 1,17 0,14 4,6 2,16 9,14 16,23 2,17 2,11 0,8 11,17 6,15 5,24 10,15 0,2 19,20 5,15 6,7 16,22 14,24 4,20 20,21 4,21 0,9 4,22 1,10 4,7 13,23 2,3 13,24 17,19 8,10 2,13 4,16 12,13 3,19 1,13 3,8 14,16 1,6 1,14 3,4 3,20 5,6 12,18 2,5 13,15 1,23 1,5 9,10 13,14 9,12
35 264
3,19 7,17 21,27 0,8 20,23 9,22 11,22 22,30 15,33 13,29 11,16 14,34 1,27 6,15 14,31 4,16 8,21 7,15 15,31 2,20 8,13 10,16 2,22 13,30 19,31 8,20 10,21 20,29 13,32 12,33 16,34 17,27 4,13 12,25 10,13 12,30 18,30 16,33 20,30 16,32 4,21 2,15 5,20 4,15 11,19 18,27 3,20 17,32 7,16 16,26 13,34 15,28 11,21 10,12 10,19 21,25 12,34 17,23 19,33 0,2 6,17 19,30 10,15 7,20 2,12 14,25 18,31 9,16 14,30 21,32 0,4 1,30 17,30 3,22 14,32 15,32 4,20 9,12 3,21 8,17 18,23 1,24 10,22 1,34 4,22 12,28 18,25 6,20 19,28 5,13 11,15 19,34 9,21 15,29 8,18 8,12 15,26 8,19 9,20 12,31 10,20 1,25 14,24 12,23 18,26 8,22 5,16 0,11 4,14 22,32 6,13 17,28 13,24 17,33 6,22 3,12 21,30 18,24 18,33 2,17 3,18 14,23 16,31 17,31 1,32 14,28 4,12 11,14 6,16 4,18 19,26 16,29 18,34 7,13 16,23 2,14 9,15 8,15 21,34 12,29 1,31 15,23 6,12 6,18 5,15 22,28 12,27 1,29 5,18 9,18 16,24 11,18 11,13 20,34 9,13 4,19 19,27 13,33 9,19 6,19 21,24 22,31 21,23 5,21 7,22 20,24 20,31 15,24 3,15 21,28 0,5 13,26 6,14 2,19 15,25 20,32 16,27 3,13 0,7 19,23 1,23 16,28 7,21 7,14 5,12 14,29 0,10 13,27 13,23 5,19 2,18 2,16 15,34 11,20 17,24 7,18 20,26 7,19 22,33 22,24 5,14 21,26 10,14 21,31 20,25 21,29 12,32 8,16 9,17 17,29 19,25 8,14 20,28 5,17 20,27 10,18 22,27 6,21 14,27 19,29 22,23 12,24 0,3 1,28 20,33 14,26 3,16 3,14 13,25 7,12 3,17 17,34 17,26 2,21 0,6 1,26 15,30 17,25 22,34 12,26 18,28 9,14 16,25 16,30 0,9 11,12 2,13 4,17 10,17 11,17 14,33 19,24 13,28 22,29 5,22 21,33 22,26 22,25 18,32 15,27 18,29 13,31 19,32 1,33
31 58
5,8 21,26 17,18 0,2 23,26 23,25 5,6 16,20 4,7 9,12 18,23 9,11 5,7 24,28 7,9 28,30 6,10 4,8 3,4 10,12 27,29 2,4 22,24 1,28 4,6 15,17 13,16 17,20 8,9 10,11 11,13 11,14 14,16 11,15 13,17 25,28 12,14 0,3 22,25 22,26 18,21 3,5 26,28 20,23 23,24 27,30 6,9 19,21 8,10 25,27 20,22 17,19 12,15 7,10 21,24 14,17 16,18 1,27
18 32
0,2 11,15 3,5 14,17 15,16 13,16 2,7 7,8 9,10 15,17 5,9 4,5 3,6 7,9 8,10 8,12 11,14 3,7 10,14 1,13 1,14 13,17 1,15 2,5 11,13 4,7 4,6 2,6 0,4 9,12 12,15 14,16
25 112
10,20 11,24 13,18 10,21 5,14 12,15 7,18 9,23 8,19 11,20 1,13 8,16 1,4 8,17 0,12 7,22 9,18 7,16 7,20 11,16 6,17 9,15 10,14 3,4 11,21 1,11 1,7 0,2 7,17 11,15 10,24 7,19 5,24 13,16 8,15 11,19 8,18 8,20 13,19 7,15 8,21 1,9 12,21 12,14 6,14 5,20 9,21 8,22 9,19 10,16 6,20 10,15 10,18 9,20 12,22 11,23 5,17 12,17 2,3 8,23 6,21 0,8 12,16 10,19 10,23 6,15 5,22 5,16 6,18 13,15 5,19 10,22 11,17 13,22 6,22 6,24 11,18 9,22 10,17 12,18 9,24 13,17 13,14 6,16 8,14 5,23 5,18 7,23 13,23 5,15 13,20 6,23 6,19 7,24 13,24 11,14 12,20 0,6 9,16 8,24 7,21 1,5 5,21 12,24 11,22 12,19 12,23 9,17 0,10 7,14 13,21 9,14
36 630
12,31 27,33 10,16 2,15 1,26 3,28 16,29 27,32 1,4 4,32 12,15 25,31 22,24 13,30 0,12 18,31 27,34 8,19 0,11 29,34 1,22 14,22 28,31 3,18 11,24 26,28 9,22 20,35 1,2 18,26 9,32 4,11 19,32 20,30 24,29 13,21 28,34 11,17 2,17 11,31 3,21 12,27 8,26 19,26 4,30 24,27 12,24 7,32 13,17 5,15 8,24 10,24 10,14 19,25 18,29 9,29 0,5 13,24 30,35 1,5 5,14 1,19 9,16 12,22 15,28 28,33 20,29 6,25 13,23 30,32 8,18 5,31 2,16 9,25 6,34 3,6 9,23 19,27 23,24 1,24 9,12 3,7 24,34 20,27 1,31 17,26 1,11 31,35 7,22 24,25 14,35 22,33 1,35 8,23 11,16 2,11 22,30 10,29 21,35 4,12 31,34 1,16 13,33 14,19 17,20 8,14 23,30 29,35 25,27 32,33 12,35 13,26 15,23 31,33 11,33 14,16 2,19 28,32 25,35 17,19 0,32 12,29 18,22 9,26 5,9 7,23 16,28 18,28 11,34 0,28 16,23 26,27 28,29 16,30 5,32 31,32 22,23 8,34 22,31 2,34 23,25 21,26 7,26 1,28 11,35 7,13 7,21 16,18 7,35 18,24 24,26 5,16 0,34 12,23 4,27 7,24 0,27 3,34 0,26 22,28 2,13 10,23 3,32 20,32 2,23 20,21 13,14 16,27 26,34 11,29 7,29 21,29 26,32 7,34 4,28 7,9 14,25 26,30 6,14 13,27 3,25 3,20 14,17 20,24 3,17 3,10 23,34 11,27 0,23 8,22 20,31 22,35 16,25 13,22 33,34 13,15 17,23 2,5 1,8 21,22 5,34 16,24 2,7 3,16 11,14 3,24 2,3 2,4 8,30 4,31 23,26 4,18 4,21 4,13 5,6 9,13 15,21 13,20 17,34 6,17 13,32 8,21 17,25 32,34 26,35 6,29 25,28 27,35 9,18 2,35 19,34 0,22 0,2 3,27 17,24 7,20 21,28 7,14 22,29 21,24 1,21 26,31 22,34 27,30 10,32 5,28 0,14 2,20 0,20 12,34 11,23 19,28 27,29 18,23 18,35 13,28 1,18 11,15 2,18 10,30 25,32 7,28 23,35 9,19 0,21 29,31 14,29 12,16 19,35 13,16 6,23 19,31 3,9 8,27 23,27 17,35 15,34 3,26 13,34 6,22 0,29 1,34 11,18 2,27 5,35 7,27 15,16 17,22 7,25 3,8 14,24 0,6 5,13 11,32 3,4 14,34 3,35 6,33 1,25 18,20 8,28 11,30 14,23 0,16 4,10 30,33 4,29 6,11 6,27 16,17 11,25 19,22 4,15 24,35 1,13 9,34 4,34 4,14 12,18 10,17 14,18 20,33 2,10 29,32 18,32 27,31 21,25 8,16 16,21 8,9 22,32 12,13 26,29 18,34 25,33 15,20 30,34 9,24 15,26 19,24 2,33 21,30 10,28 5,19 2,32 6,24 5,22 21,27 25,34 29,30 4,7 10,26 0,30 6,26 11,13 5,10 4,19 17,32 14,28 23,32 4,16 16,22 5,21 8,25 2,14 1,15 17,27 6,16 12,20 5,20 0,17 1,6 8,33 2,21 1,23 5,17 7,12 11,12 4,20 5,12 6,31 8,12 18,25 8,15 7,17 6,13 2,6 16,35 11,19 5,7 6,35 10,22 19,23 10,11 15,29 5,18 9,30 10,33 3,29 27,28 6,12 0,8 15,25 4,17 9,35 1,17 15,31 10,18 8,32 20,23 16,19 3,23 14,33 3,5 15,30 24,28 4,35 2,28 24,30 4,24 16,26 20,26 12,32 15,22 14,27 0,18 25,30 5,11 1,7 0,4 17,29 1,14 10,34 19,33 15,27 19,20 1,32 12,21 0,13 15,18 2,26 19,29 5,23 3,12 22,27 5,24 7,33 0,15 0,7 14,30 6,30 0,33 9,10 20,22 9,27 0,10 10,25 9,21 17,33 0,25 9,28 18,19 24,33 25,26 8,10 25,29 10,20 9,20 18,27 12,25 4,33 2,31 9,31 2,25 17,31 23,33 21,34 4,22 19,30 3,13 5,8 18,21 6,32 7,19 10,19 18,30 20,25 5,27 14,20 6,18 13,35 12,14 8,29 9,14 15,17 15,35 5,26 28,30 17,28 0,31 2,9 13,31 11,20 12,33 1,33 12,19 16,31 14,15 23,29 17,18 9,17 7,16 3,22 0,24 24,32 15,24 2,29 8,35 10,27 1,30 9,33 6,7 9,15 4,26 3,11 22,25 13,18 6,9 3,19 14,32 21,32 23,31 7,15 3,33 5,33 16,32 21,23 16,33 17,21 0,9 32,35 19,21 1,29 15,33 4,8 15,19 8,31 18,33 14,31 5,25 7,8 4,6 2,30 6,20 10,12 4,9 4,5 3,30 6,21 26,33 2,24 0,3 24,31 16,20 6,28 7,30 29,33 20,34 12,28 7,11 6,19 11,26 4,25 10,13 1,3 16,34 13,25 6,15 22,26 2,8 21,31 5,29 1,9 11,22 7,18 7,10 1,12 10,31 10,21 30,31 12,26 1,20 9,11 33,35 17,30 6,10 21,33 11,28 34,35 8,11 14,21 7,31 6,8 0,35 23,28 8,13 5,30 4,23 14,26 2,22 0,1 0,19 1,27 3,31 3,15 28,35 12,17 8,20 13,19 2,12 1,10 15,32 11,21 10,15 10,35 12,30 8,17 20,28 3,14 13,29
25 50
1,20 4,6 6,10 21,22 6,8 19,23 9,12 13,15 11,15 18,21 3,7 17,20 12,14 2,5 15,17 13,16 19,22 4,7 1,21 16,17 4,5 2,6 3,6 15,18 5,8 6,9 7,10 14,18 9,13 18,20 21,24 17,21 0,2 10,13 9,11 21,23 7,9 0,3 12,16 14,17 0,4 7,8 1,19 8,12 10,12 16,18 17,19 8,13 12,15 20,23
31 30
9,24 4,19 12,13 0,15 0,2 4,5 3,4 6,7 2,17 6,21 14,29 10,11 9,10 8,9 2,3 1,16 7,22 1,14 13,14 5,6 11,26 7,8 10,25 13,28 9,30 11,12 8,23 3,18 5,20 12,27
30 190
7,15 19,20 6,17 0,3 14,20 18,26 9,19 13,26 10,12 17,24 12,25 8,15 14,22 17,21 18,25 13,25 15,26 3,12 6,11 2,16 18,20 5,18 15,27 12,24 6,13 9,13 16,21 0,4 1,23 14,21 3,17 5,14 14,27 14,24 8,19 5,13 11,21 19,25 12,28 7,11 14,29 9,16 9,14 0,5 1,29 11,23 15,29 17,25 1,20 1,27 9,17 17,20 14,23 3,18 2,15 2,19 17,26 16,28 19,26 15,25 11,29 18,27 6,19 6,14 8,12 4,15 9,15 15,21 5,15 8,11 10,14 7,13 12,21 2,11 13,20 1,22 4,14 18,21 7,16 6,15 9,18 4,17 16,29 16,26 10,15 14,25 14,28 10,19 1,25 17,23 2,12 14,26 7,14 7,12 10,18 12,29 18,29 3,19 1,24 7,18 12,26 13,21 2,13 0,9 16,24 11,28 16,27 8,14 17,22 0,10 7,19 3,13 15,20 4,18 5,17 16,23 9,11 5,19 16,22 4,12 13,27 5,16 13,28 1,26 11,25 0,6 0,8 1,21 3,15 7,17 2,14 11,24 3,14 4,13 4,16 12,23 10,11 8,13 16,20 19,28 10,16 13,22 5,12 13,23 10,13 2,18 12,22 17,27 16,25 6,16 19,24 11,20 17,28 18,28 19,29 15,22 19,22 13,29 15,23 4,19 12,20 11,26 15,24 13,24 4,11 17,29 3,16 19,23 10,17 6,12 8,17 12,27 19,27 18,24 5,11 6,18 18,23 9,12 11,27 11,22 3,11 8,18 2,17 19,21 8,16 0,2 0,7 1,28 18,22 15,28
35 241
7,33 16,22 13,24 10,30 13,22 9,23 13,27 18,21 18,30 8,23 6,34 8,29 17,24 11,27 17,19 1,5 12,33 1,17 5,25 17,21 6,21 16,19 9,25 6,31 10,29 18,33 15,31 6,27 11,32 16,26 7,30 0,16 10,21 5,23 12,27 13,34 17,29 16,30 11,28 18,19 12,19 13,31 15,23 15,28 2,3 16,25 11,20 13,29 18,28 15,29 16,31 0,2 17,33 15,30 9,24 15,26 5,22 16,34 8,25 5,21 5,19 14,22 1,7 8,30 0,6 7,21 10,22 11,31 15,27 17,31 18,25 18,34 9,34 18,22 14,32 11,29 7,20 16,33 6,32 17,22 18,23 14,33 7,26 16,32 10,34 13,20 14,21 9,20 8,19 7,25 5,33 17,27 7,19 6,26 9,29 1,9 5,29 10,23 8,22 7,27 8,21 12,31 11,25 10,27 6,24 15,21 3,4 12,21 9,32 18,24 16,28 14,27 9,27 5,20 16,24 15,32 12,25 18,20 6,25 14,23 9,21 12,24 5,34 9,33 14,31 0,14 7,23 13,26 11,24 1,15 12,30 12,28 6,33 1,4 12,20 14,30 13,21 13,19 7,31 10,25 5,24 11,33 5,30 12,29 15,33 16,27 7,28 11,22 6,23 6,20 7,34 11,26 12,34 17,28 8,31 14,20 18,27 10,20 5,27 10,32 11,21 0,18 9,28 11,19 14,28 13,30 6,29 17,25 6,19 7,22 0,10 16,20 8,34 16,21 8,32 11,34 5,32 1,11 6,28 17,30 14,24 5,26 12,32 15,20 18,31 14,29 0,12 14,25 13,33 13,25 9,22 15,24 17,34 9,26 13,32 10,28 10,31 15,34 8,28 9,31 18,32 12,22 18,26 11,23 13,28 10,19 10,33 10,24 8,27 15,25 7,32 11,30 0,8 9,30 8,26 12,23 12,26 8,33 17,23 6,22 8,20 18,29 1,13 5,28 17,26 15,22 6,30 7,24 16,29 17,32 14,34 9,19 15,19 7,29 16,23 14,26 17,20 5,31 10,26 14,19 13,23
18 28
2,5 11,12 4,6 14,17 9,12 10,12 7,9 12,14 0,4 12,15 7,11 0,3 8,10 5,7 13,15 5,8 8,9 8,11 2,6 13,14 1,14 9,13 11,13 7,10 15,16 15,17 1,15 6,8
24 46
7,10 1,20 0,4 8,9 15,19 4,5 9,14 13,15 11,13 18,23 10,13 14,17 2,5 16,19 12,15 11,12 1,18 12,17 6,8 0,3 14,16 8,11 5,7 19,23 17,18 15,18 15,20 13,16 3,5 1,19 3,6 14,15 2,6 18,21 17,20 4,6 11,14 0,2 7,11 19,22 10,12 9,13 8,10 18,22 12,16 7,9
28 180
4,7 6,20 23,24 7,13 7,18 3,16 1,21 0,9 14,19 11,13 6,24 3,6 9,24 11,21 0,6 6,14 2,4 10,22 1,8 2,26 5,25 11,27 11,26 15,22 1,2 14,15 6,26 19,20 3,12 20,24 16,24 13,15 8,21 3,11 2,19 19,21 8,26 0,14 1,10 11,14 9,26 13,19 2,7 15,26 7,22 2,13 18,19 22,25 18,22 16,21 19,23 5,12 13,24 22,23 10,24 4,5 6,27 24,27 1,20 1,4 8,22 2,27 18,26 0,25 9,27 0,24 11,15 10,20 4,21 5,22 15,25 13,25 17,23 14,24 10,11 4,12 15,24 7,10 7,8 8,9 1,27 8,13 21,22 0,18 14,23 7,17 14,25 24,26 5,8 17,27 8,17 0,27 20,21 12,26 4,14 17,19 3,21 22,24 14,18 9,13 1,16 9,22 18,27 5,13 9,17 1,19 0,17 11,12 17,21 17,22 7,16 12,20 11,20 5,7 4,27 0,2 4,18 3,4 15,18 2,16 0,5 0,26 4,26 1,17 12,13 9,25 1,22 15,16 7,9 16,26 9,20 11,25 9,23 8,25 7,27 6,16 9,18 1,9 3,25 2,25 1,14 2,21 9,10 17,25 7,21 6,9 7,23 5,11 22,27 2,9 6,23 4,20 13,14 10,13 5,23 1,5 7,25 6,18 6,7 2,18 14,20 5,6 2,3 0,7 19,27 5,18 11,23 16,20 0,3 6,12 16,17 2,11 2,6 17,18 18,24 21,25 8,27 0,19 20,25 6,19
20 84
7,17 12,13 12,14 2,7 1,15 6,12 11,14 12,15 12,19 0,5 1,14 6,7 10,19 1,13 9,16 8,18 11,19 11,18 4,10 2,9 1,17 9,19 7,18 10,14 10,16 4,12 10,13 8,13 1,18 6,10 0,3 7,13 9,17 5,10 3,7 0,4 9,14 6,9 8,16 12,18 9,13 11,13 2,12 5,8 4,8 8,14 4,9 8,17 3,12 9,15 3,11 2,11 5,9 7,16 12,17 11,17 10,17 5,11 7,15 4,7 8,15 1,19 9,18 7,14 5,12 3,8 7,19 12,16 5,7 0,2 11,16 6,8 10,18 1,16 8,19 2,8 2,10 4,11 3,9 0,6 6,11 11,15 3,10 10,15
33 74
7,11 8,10 23,25 16,20 30,31 21,22 15,17 1,29 3,4 29,31 10,13 4,8 27,29 5,8 14,16 10,12 22,26 18,20 20,22 29,32 19,24 30,32 14,18 22,25 9,13 19,22 24,25 0,2 18,19 24,26 20,23 9,12 23,26 7,9 17,20 5,7 6,7 2,4 27,28 1,30 13,14 27,30 11,12 23,27 25,29 25,28 18,21 26,30 8,11 16,19 11,13 16,21 20,24 17,21 14,17 21,24 2,5 6,8 17,19 3,5 24,27 12,14 3,6 13,15 28,32 21,23 25,30 0,3 15,18 26,28 19,23 1,28 15,16 28,31
35 317
17,28 18,27 10,31 8,12 4,24 11,32 10,30 8,9 0,16 0,18 9,25 5,14 6,26 6,19 1,34 5,12 8,18 1,2 6,9 13,24 21,34 0,6 27,32 1,8 2,26 1,9 23,31 19,27 11,12 15,16 25,33 19,30 19,28 18,20 5,10 26,27 9,12 15,18 30,33 17,27 2,32 7,31 1,4 29,34 9,28 10,25 16,25 2,25 3,16 15,25 17,24 3,4 5,27 0,17 2,5 24,25 5,19 2,24 15,24 3,7 4,14 33,34 26,33 14,33 17,26 21,31 22,28 6,33 4,31 3,18 17,30 12,13 2,9 10,29 7,25 16,23 6,20 29,31 5,17 16,17 1,27 2,29 5,25 27,29 18,32 1,24 13,28 5,29 11,18 6,13 6,14 20,29 5,6 2,28 1,23 5,30 1,11 3,24 10,20 9,16 8,16 0,26 3,23 0,22 19,20 30,32 14,17 7,21 6,15 20,23 18,33 7,8 2,3 19,31 23,27 13,27 13,34 9,20 1,33 3,25 6,23 3,5 4,11 12,32 19,26 3,34 3,33 12,34 13,22 0,28 9,10 18,23 18,25 9,15 8,15 7,27 8,13 22,34 4,9 28,31 7,23 25,28 3,20 2,6 3,21 4,7 23,24 15,33 0,7 14,23 13,14 22,23 20,34 5,31 8,29 8,21 11,27 0,25 1,21 11,22 5,18 0,4 1,28 0,5 12,16 21,26 0,21 23,33 4,20 19,22 4,5 18,22 27,30 4,18 4,33 11,28 20,31 31,33 4,32 6,21 9,11 12,17 9,26 0,15 6,12 3,12 20,21 10,13 1,22 12,21 7,14 20,33 5,8 18,28 6,34 7,22 7,13 11,13 19,29 0,32 15,17 17,31 21,28 27,34 0,8 7,18 21,22 1,14 1,5 13,20 15,28 25,26 11,24 16,32 18,19 4,15 1,29 14,20 3,11 23,34 17,18 27,28 7,12 8,31 3,31 9,22 14,15 14,30 15,34 22,29 7,15 1,25 5,24 16,18 1,26 1,32 25,30 10,18 6,24 7,28 1,30 9,19 14,19 8,22 10,34 4,6 21,25 0,29 20,30 10,27 0,12 18,34 11,21 2,13 5,21 11,30 12,15 16,19 6,7 2,31 0,33 10,19 10,22 29,30 12,20 19,25 25,29 14,28 12,23 26,34 8,10 23,32 5,23 15,26 2,4 24,26 23,26 6,31 16,28 5,16 8,14 2,12 1,18 18,24 8,17 14,22 3,26 0,34 28,33 22,24 25,27 13,29 23,30 9,13 1,15 10,12 7,11 10,11 21,27 3,22 24,31 12,22 15,30 7,34 6,32 3,30 1,31 1,3 13,26 0,2 3,17 21,33 13,30 2,15 0,9 3,14 12,18
23 112
4,11 13,19 8,19 8,20 11,22 7,11 5,13 0,4 12,21 14,16 9,19 3,13 14,19 9,22 1,15 3,10 1,16 11,15 10,21 11,19 3,12 7,12 13,17 1,22 0,6 4,8 10,16 2,12 14,22 4,12 0,3 4,13 5,14 5,8 6,14 7,8 12,19 9,15 9,16 12,16 1,19 6,9 7,13 1,18 7,9 11,18 14,21 11,16 1,21 11,17 7,14 11,20 0,5 8,18 4,10 12,20 3,8 10,20 2,8 6,8 1,17 13,21 10,18 13,20 8,16 5,12 0,2 8,22 10,15 3,9 14,15 10,19 11,21 4,14 9,20 3,11 12,17 0,7 14,18 13,18 9,17 5,11 2,11 2,13 12,22 9,18 13,16 10,17 6,11 13,15 9,21 6,13 8,15 13,22 1,20 6,12 2,9 5,9 4,9 6,10 2,14 12,15 3,14 8,21 5,10 14,20 2,10 7,10 10,22 14,17 8,17 12,18
21 92
0,2 0,5 19,20 10,15 6,17 0,19 3,17 0,7 0,4 14,18 7,10 2,11 2,12 6,11 1,15 3,6 10,11 11,12 7,12 2,19 1,11 8,11 10,16 5,17 12,16 2,18 11,13 5,16 0,17 5,15 3,11 4,13 1,16 2,3 5,7 2,14 12,13 4,14 1,7 5,9 3,8 4,20 8,14 5,14 6,7 5,8 2,7 5,6 2,13 3,4 7,17 6,10 3,18 13,14 4,5 8,9 4,19 8,13 4,6 9,11 10,18 1,12 5,13 9,12 9,15 2,15 6,13 15,18 1,14 9,19 7,13 9,10 2,6 2,4 4,17 0,6 12,17 0,1 0,15 17,18 16,20 3,15 0,20 3,12 13,20 13,16 1,5 3,10 5,20 2,10 7,8 11,18
34 34
14,15 9,10 25,26 1,12 29,30 4,5 1,14 5,6 17,18 10,11 6,7 31,32 21,22 16,17 7,8 0,13 28,29 8,9 2,13 22,23 2,3 19,20 24,25 20,21 15,16 23,24 0,33 30,31 32,33 26,27 3,4 11,12 18,19 27,28
31 57
2,7 24,28 26,28 15,16 1,28 9,11 17,19 4,7 7,9 1,27 22,26 13,17 22,25 25,27 20,22 6,9 17,18 10,14 25,28 11,15 24,29 24,27 8,11 19,20 13,16 12,15 1,29 3,5 8,12 23,25 18,20 4,6 15,17 21,22 0,2 26,29 4,5 27,30 21,23 20,23 16,18 29,30 19,21 8,10 2,5 25,29 0,4 3,6 11,13 12,14 11,14 22,24 28,30 9,12 26,27 23,26 10,13
28 162
10,24 2,12 4,17 17,25 14,23 14,18 1,19 0,4 2,17 1,25 5,11 7,16 8,10 11,20 12,21 4,15 13,26 10,27 6,14 6,15 15,21 6,12 6,11 16,25 14,19 16,27 12,25 1,18 12,20 12,24 2,14 9,15 10,20 11,22 10,25 12,22 14,22 7,14 2,13 7,12 7,10 0,8 15,27 2,16 13,25 11,19 4,10 10,21 8,12 3,13 13,24 0,3 4,12 3,10 4,11 14,20 5,16 17,20 17,24 16,19 6,10 5,17 15,22 8,15 1,21 8,17 8,16 9,13 8,14 14,24 10,23 5,13 0,7 7,15 13,21 3,16 7,17 4,14 8,11 10,22 3,17 9,10 6,17 13,20 14,26 4,13 6,16 5,14 11,25 16,18 14,27 16,21 11,18 15,23 1,24 9,14 12,26 5,12 10,18 10,26 3,15 9,11 2,10 10,19 16,22 17,22 12,27 1,23 13,19 17,18 13,27 13,22 13,18 4,16 8,13 3,12 12,19 12,18 9,17 11,23 17,26 11,27 0,5 0,9 15,26 7,13 9,16 15,25 11,21 1,20 16,20 11,26 16,26 3,14 14,25 15,19 6,13 3,11 7,11 5,10 5,15 14,21 17,23 12,23 16,23 15,24 1,27 17,19 9,12 17,27 11,24 17,21 13,23 2,15 0,6 1,26 15,20 15,18 2,11 0,2 1,22 16,24
34 242
18,22 4,19 15,27 10,18 10,12 7,14 5,18 21,23 5,13 20,33 1,26 5,19 4,16 6,12 16,24 6,20 16,22 10,16 17,25 6,17 20,23 5,16 1,24 15,30 10,19 13,25 16,29 7,20 11,16 17,29 2,17 15,25 17,31 14,24 13,26 12,22 9,20 7,15 21,22 2,15 15,29 7,19 20,28 8,19 2,14 0,11 3,17 1,28 4,21 18,33 0,6 1,33 19,26 11,17 2,12 6,13 8,16 11,21 3,13 3,18 8,21 2,20 19,24 13,32 14,28 17,30 3,20 13,22 5,21 2,13 14,25 13,29 4,12 0,3 19,33 21,30 15,31 0,8 3,19 17,33 12,27 20,27 10,14 6,16 18,26 1,22 21,31 10,17 16,23 6,21 9,15 16,30 17,24 11,19 4,15 21,28 1,29 5,17 8,12 3,16 12,32 20,32 17,22 13,33 14,30 14,33 8,17 15,26 5,15 17,26 19,29 18,25 18,23 20,24 11,13 21,24 3,14 19,25 7,17 12,28 16,28 5,20 12,29 0,2 0,4 2,21 8,15 12,30 14,26 13,31 17,32 16,32 15,22 20,29 3,12 19,23 11,12 15,32 2,16 20,26 2,19 6,15 10,13 3,15 19,28 16,25 19,30 12,31 19,27 8,13 20,31 7,21 1,27 1,23 21,29 14,22 14,31 1,30 6,18 7,13 21,33 14,27 8,20 1,31 11,20 5,14 15,28 4,13 11,15 16,33 18,32 0,9 18,27 20,22 14,29 16,26 13,24 18,31 9,13 1,32 6,14 13,30 4,14 18,29 17,28 14,23 15,24 5,12 16,31 0,10 9,17 15,33 7,12 14,32 19,32 21,25 11,14 13,28 4,17 12,23 21,27 20,25 19,31 8,14 13,23 21,32 0,7 8,18 10,21 13,27 9,18 4,20 15,23 7,18 9,19 10,20 9,14 21,26 12,25 17,27 0,5 9,21 1,25 3,21 6,19 19,22 18,30 4,18 9,12 12,26 9,16 18,24 11,18 12,24 17,23 16,27 10,15 12,33 18,28 2,18 7,16 20,30
19 72
4,10 7,15 8,13 8,12 1,16 11,15 6,7 10,13 2,8 10,15 11,13 5,8 9,14 1,15 11,14 6,11 3,11 3,9 6,10 4,11 4,8 9,16 3,8 10,16 8,16 9,15 0,2 8,15 3,7 10,17 8,18 11,12 9,12 3,10 0,6 2,11 2,10 9,13 5,10 7,12 11,18 1,13 9,17 8,17 0,3 7,14 2,7 9,18 6,8 7,18 10,12 7,17 10,18 4,7 6,9 11,16 0,5 5,7 8,14 5,11 1,12 7,13 1,14 2,9 5,9 11,17 4,9 1,18 1,17 10,14 0,4 7,16
28 162
3,17 13,25 5,16 3,16 11,24 11,25 16,19 12,23 12,19 12,21 10,18 8,14 17,22 16,25 13,20 17,24 10,19 11,20 14,23 2,11 16,21 0,6 9,10 6,13 6,12 16,22 17,18 12,27 15,19 0,5 13,19 6,16 16,20 1,27 0,3 2,13 1,23 2,17 17,27 11,22 6,10 12,18 13,27 3,12 5,13 8,10 10,25 9,14 6,15 8,11 5,10 5,11 9,16 14,20 6,17 15,20 3,10 17,26 4,14 11,26 7,10 16,23 1,22 15,27 14,22 11,21 8,12 5,17 9,15 10,26 12,20 0,4 9,11 12,22 7,12 0,7 8,17 10,27 11,27 17,20 3,13 16,18 13,22 1,26 3,11 13,21 16,27 15,21 14,25 10,21 5,12 6,11 4,10 2,10 16,26 13,24 2,16 14,24 15,18 15,22 4,12 0,9 4,15 9,12 13,23 5,15 12,25 14,21 11,18 11,23 10,24 1,19 8,15 17,25 2,14 7,15 0,2 7,16 2,12 15,25 15,26 1,21 9,13 3,14 1,24 11,19 14,19 4,16 12,26 5,14 7,14 1,20 17,23 4,17 0,8 10,23 17,19 14,27 15,23 12,24 8,13 2,15 13,26 3,15 14,26 7,11 1,25 4,13 16,24 10,22 7,13 17,21 15,24 14,18 8,16 1,18 9,17 6,14 7,17 10,20 4,11 13,18
