50
4 6 4
1 4 2 1
100 10 1
1
5 5 10
2 4 2 3 4 2 1 2 1 3
1 1 1
1
100 2 2
1 2
1000 100 10
4 3 9 1 2 5 6 9 1 10
1 10 10
4 3 4 1 2 5 6 9 1 10
1 10 9
1 1 1 1 1 1 1 1 1
1000 10 9
1 1 1 1 1 1 1 1 1
934 9 10
8 8 8 8 8 8 8 8 8 8
734 3 10
1 2 3 3 2 1 1 2 3 1
345 19 10
10 10 10 10 10 10 10 10 10 10
765 10 10
10 1 10 1 10 1 10 1 10 1
1000 100 10
10 10 10 10 10 10 10 10 10 10
734 20 10
1 2 3 4 5 6 7 8 9 10
631 16 10
10 9 8 7 6 5 4 3 2 1
4 13 8
3 4 7 8 1 9 8 5
3 9 7
1 8 6 1 3 5 9
3 11 9
9 4 1 4 8 8 7 2 6
2 8 5
1 7 3 3 4
86 8 10
7 2 3 7 7 2 6 6 5 8
306 14 9
7 3 1 5 1 2 2 7 7
122 5 10
2 5 1 4 4 4 1 3 1 1
863 14 10
10 10 7 8 1 10 7 5 10 1
9 22 10
3 1 8 5 2 5 10 3 10 10
5 24 9
3 3 3 2 10 4 3 8 1
8 26 9
8 8 9 5 10 3 9 3 10
8 23 10
5 6 7 4 8 2 2 10 4 6
80 14 10
8 6 9 8 5 7 7 7 6 8
197 20 10
6 6 7 9 7 6 7 8 6 9
56 19 8
6 5 8 5 8 8 7 9
166 17 8
9 6 5 9 5 5 6 6
113 10 10
7 6 8 8 9 9 9 9 5 6
426 69 9
9 7 7 6 6 6 5 7 8
610 61 10
7 5 5 5 5 8 8 9 6 6
548 50 8
7 8 5 5 7 9 5 9
796 53 10
8 8 9 6 8 6 6 7 6 6
963 67 6
7 5 7 5 6 5
64 26 8
5 6 7 9 8 6 6 6
302 17 9
5 9 9 6 5 6 9 9 5
62 56 8
8 5 5 9 5 5 5 5
447 72 7
5 9 5 8 7 6 6
279 98 5
7 5 6 5 5
93 46 8
7 5 6 7 8 8 9 8
664 87 9
6 8 7 7 6 5 9 9 9
998 44 9
6 9 7 8 6 9 8 9 7
552 6 6
6 6 6 6 6 6
175 62 5
6 8 6 8 9
496 63 6
6 9 9 5 6 7
817 87 8
5 5 6 7 8 7 8 6
