13
103 31
217 1891 4819 2291 2987 3811 1739 2491 4717 445 65 1079 8383 5353 901 187 649 1003 697 3239 7663 291 123 779 1007 3551 1943 2117 1679 989 3053
103 32
217 217 1891 4819 2291 2987 3811 1739 2491 4717 445 65 1079 8383 5353 901 187 649 1003 697 3239 7663 291 123 779 1007 3551 1943 2117 1679 989 3053
10000 25
3292937 175597 18779 50429 375469 1651121 2102 3722 2376497 611683 489059 2328901 3150061 829981 421301 76409 38477 291931 730241 959821 1664197 3057407 4267589 4729181 5335543
103 31
217 1891 4819 2291 2987 3811 1739 2491 4717 445 65 1079 8383 5353 901 187 649 1003 697 3239 7663 291 123 779 1007 3551 1943 2117 1679 989 3053
10000 25
3292937 175597 18779 50429 375469 1651121 2102 3722 2376497 611683 489059 2328901 3150061 829981 421301 76409 38477 291931 730241 959821 1664197 3057407 4267589 4729181 5335543
103 31
217 1891 4819 2291 2987 3811 1739 2491 4717 445 65 1079 8383 5353 901 187 649 1003 697 3239 7663 291 123 779 1007 3551 1943 2117 1679 989 3053
10000 25
3292937 175597 18779 50429 375469 1651121 2102 3722 2376497 611683 489059 2328901 3150061 829981 421301 76409 38477 291931 730241 959821 1664197 3057407 4267589 4729181 5335543
103 31
217 1891 4819 2291 2987 3811 1739 2491 4717 445 65 1079 8383 5353 901 187 649 1003 697 3239 7663 291 123 779 1007 3551 1943 2117 1679 989 3053
10000 25
3292937 175597 18779 50429 375469 1651121 2102 3722 2376497 611683 489059 2328901 3150061 829981 421301 76409 38477 291931 730241 959821 1664197 3057407 4267589 4729181 5335543
103 31
217 1891 4819 2291 2987 3811 1739 2491 4717 445 65 1079 8383 5353 901 187 649 1003 697 3239 7663 291 123 779 1007 3551 1943 2117 1679 989 3053
10000 25
3292937 175597 18779 50429 375469 1651121 2102 3722 2376497 611683 489059 2328901 3150061 829981 421301 76409 38477 291931 730241 959821 1664197 3057407 4267589 4729181 5335543
780093041648051756324995220996784746770687527642371695135461367000382451782630891330512365380929943 25
274732997607421615958806536163391430841903151576861066568824621559401120293041610698077737172841739 345254121395324990318327532446670487858585999125971953597012445784567340019117652905574646426453429 493585777894119422064707909603650263415075008289947756730912751917409725421139822782130220906544521 862049193945351950174636728762074720230116654255515959840006749730354271718526657514203434092159007 1646127338893263426968995928860266850675043406981064651035449573454213730900598503125254411779277599 2594529541106322154560598970359186421320268772894440530318935993045239810189476265642765736241318807 4695859188728746849357946735345473218042750552934746364671188541882856069753414192688294044442272969 7251877168940190841015032467422850466603914806031649255500737808890866373144227102625226055676888103 7751486161144566001849248467734456405728420266397610944380231784844257085676522696192908897661604089 2503309446759985640794676491262003642292913620750147542140579009875778899839138520349798583946898416752549601483124601711116574201 862871120012528731733398155393623839438794399300573954524597854370198319787695264956711222853719460560207084864571730058061831734351266629246709133598712255061 1191863324396207629575239854608822018087404145459130322991801187242193268084641309364302487375893896558868310446227596785021496917943056354909868919938015499761 2136792068477699027161105981650011919874796139554076849816115481510633198133541174926092917903797826846687591015996247277096816533471436681273021025571182360709 4854755716195652861231417715459970998461189434820558669190806651247737653086699604735829094971151538244342616965832353999126156278888178704402912042159365486097 42284076164806149432985262226604396925436591699530568481186761482096619683293158003079513288869057523433552962775885439940976798571070272632122877185901648854207780292393 6808483973181386451105261056618141399319061132690147159252367089830426610964071785824699065229831242784421343301501537459095965761484502789945610172073865391565623840930526034624244249469 379545307755506567840587093335593410912899435092035249146963951246189265812790520928238793158814037512206060035868933040484689027453392274639538160382158513956650783630790508425435871973210746477 1463569106512903477224076293693277382314391061533662721046894996982513456991988164737706120322194021473100018843785976204433933087619810193779856251251053376455372406296395285300196657958237281287 3060300406964328430108552921099687622848836208680320272449941685189118246139494424372945157426219920838038867119485146460531023364079768629052401381344286357478048199773873016303159946205339639483 3281338258401053804797851228017385470466368311588281633736063764761339614872650764872372947471371293915391304126180934920431449595176891005953508232027912802502026697598323018176580015249485473491 3352967166935927512554878101660195568760856763112441408491204311406932624016513963799231989892310938538072546968831895368975218147498540855259284677598051314409294025110281027669745950415631059839 3628227473750233947737121867759172430754494333871685738800116616850235343497148644408468561765024634999331425876389729747041803669705912039686819740800970492611328836373529323331514993019671133421 3942955751878754716289660357886370700959229413526020191896622361770729159013098153033625939871369360300754811596214277800243510824630754847170004478628638752598227034412051978384637958909462078037 4720137893160794020469802312260776442697046378369657164746550388708849170372800774742039240133773662113714601689274994867302188795368235851794607462664276607020251364843116752324667212902312589969 6850223522404538034106724400497130458168072296594671825188968263997674796801772266059785720467626242354249591696905464751395657876710358633144471541722299407971778893174397141508164516796612407697 
1111111111111111111111111111111 47
941259523795929042761534892083 941259523795929042761534892083 941259523795929042761534892083 864815978500449664374030702649 864815978500449664374030702649 864815978500449664374030702649 864815978500449664374030702649 864815978500449664374030702649 864815978500449664374030702649 864815978500449664374030702649 864815978500449664374030702649 864815978500449664374030702649 864815978500449664374030702649 864815978500449664374030702649 864815978500449664374030702649 864815978500449664374030702649 864815978500449664374030702649 864815978500449664374030702649 864815978500449664374030702649 864815978500449664374030702649 864815978500449664374030702649 864815978500449664374030702649 864815978500449664374030702649 864815978500449664374030702649 800893535848129291051186539299 777760657845113358056276563747 768073058830561972716048100739 737997072246305490401435828089 691862215573036389391752742739 668218498019393404304438476489 632537203605028243470878824313 592049655661598869695177641777 475162410108586154183723686333 276374002622006058918133464917 171567024239257222311245212643 149657886188981552887191841201 137513544800792034234838423769 119675106780955643544195521987 99594468499595521823278414049 77391768098358963229466575499 63786466444975027707714419327 52143044880638510630670649817 44306359813661303602236025489 37648330301627759843315066911 26997642409433642053796919991 22091239842593748733120046167 16164642567737960471752475903 