100
3 11000000 26000000 6000000
3 1 10 11
2 11905610 68984277
2 49874839 99827594
2 48590555 97195401
3 21121377 64148640 21121377
3 24999421 24999421 95984520
3 11424905 94824900 11424905
2 14682839 52463853
3 4313238 19981552 4313238
2 11650899 68271080
2 58225168 23037749
2 48072181 30083246
2 1618091 3002916
2 67516534 45824056
2 2392509 2374922
3 15275473 21860386 15275473
2 16190687 31034514
3 16610919 16610919 29478220
2 27497841 34423064
3 40389596 60070635 40389596
2 43167666 28352897
2 18243438 9121719
3 7139064 71390640 71390640
3 29004246 9668082 9668082
2 13105568 6552784
3 87256320 87256320 43628160
3 37576832 75153664 37576832
2 898662 1797324
3 42908852 42908852 85817704
2 7422810 96496530
2 41462948 20731474
3 54038580 54038580 72051440
2 22362617 44725234
2 28355795 27919552
2 89017890 85594125
3 16751529 16751529 33503058
3 35486520 17743260 17743260
2 70579812 88224765
3 37205766 18602883 37205766
3 11399697 22799394 22799394
3 74932155 74932155 83257950
3 7219 7218 9300
3 52158 2464 52159
3 2464 248971 3488
3 72092526 76952106 46848978
3 6759380 63766633 35192290
3 61497741 34367672 45107294
3 383739 4221639 20187039
3 26609847 64722999 67228815
3 10387868 8390486 3129880
3 70796065 4274273 27758849
3 1051838 10235998 13100558
3 2084390 6040084 8316220
3 66741017 54950337 883697
3 5815178 2109002 9368522
3 24986115 35283570 10313340
3 6413574 30471184 34901452
3 37403218 31753618 7516834
3 57995144 17973712 38095856
3 75687759 9332799 11377002
3 65000722 431932 79163104
3 24938694 51960022 87294717
3 28913318 33042896 2778129
3 16049091 13927542 4907900
3 51626379 75768949 16512009
3 8987480 47117960 68748584
3 32813456 18820716 15163900
3 6118 34995016 53274844
3 57403312 7803856 24917552
3 37680800 29619092 87687188
3 88470764 50998994 64832110
3 48318242 50786657 20442374
3 445058 2211182 784600
3 2352748 1054248 33694828
3 6690719 22800043 1504321
3 192615 5180763 26299179
3 12103177 21571614 22000079
3 9829006 58192442 37243574
3 7803369 43209999 25553124
3 5243950 7600810 246430
3 40399408 54845616 23032016
3 54485434 65207970 22663886
3 3191402 1548586 5483866
3 13453805 49419893 61103441
3 14840723 968419 21850253
3 8415260 24793226 46230182
3 12397 99087979 43048686
3 22171731 12352531 7198895
3 68392468 42594268 699568
3 6715751 60104455 12731217
3 54325452 16665804 77244780
3 41436666 24778068 61312642
3 35132199 57644888 43823725
3 62939507 677153 80314589
3 11428268 2593513 8231678
3 46388185 326377 32546188
3 8992820 30158230 25482470
3 3496350 752304 6043204
3 39862399 22868145 27194781
